> pLValues
   [1] 0.405714286 0.105714286 0.687142857 0.457142857 0.980000000
   [6] 0.444285714 0.704285714 0.417142857 0.880000000 0.698571429
  [11] 0.610000000 0.030000000 0.354285714 0.684285714 0.957142857
  [16] 0.375714286 0.541428571 0.631428571 0.784285714 0.951428571
  [21] 0.375714286 0.112857143 0.797142857 0.102857143 0.264285714
  [26] 0.165714286 0.884285714 0.825714286 0.554285714 0.311428571
  [31] 0.465714286 0.295714286 0.314285714 0.445714286 0.692857143
  [36] 0.624285714 0.610000000 0.670000000 0.735714286 0.090000000
  [41] 0.930000000 0.080000000 0.945714286 0.642857143 0.268571429
  [46] 0.215714286 0.694285714 0.378571429 0.375714286 0.171428571
  [51] 0.400000000 0.481428571 0.290000000 0.790000000 0.137142857
  [56] 0.172857143 0.887142857 0.190000000 0.568571429 0.280000000
  [61] 0.958571429 0.527142857 0.134285714 0.091428571 0.340000000
  [66] 0.991428571 0.387142857 0.875714286 0.081428571 0.245714286
  [71] 0.327142857 0.230000000 0.541428571 0.278571429 0.921428571
  [76] 0.495714286 0.160000000 0.205714286 0.007142857 0.068571429
  [81] 0.287142857 0.754285714 0.612857143 0.614285714 0.032857143
  [86] 0.832857143 0.215714286 0.551428571 0.270000000 0.558571429
  [91] 0.174285714 0.218571429 0.561428571 0.598571429 0.022857143
  [96] 0.067142857 0.955714286 0.398571429 0.700000000 0.040000000
 [101] 0.618571429 0.955714286 0.804285714 0.208571429 0.680000000
 [106] 0.781428571 0.127142857 0.838571429 0.225714286 0.608571429
 [111] 0.412857143 0.055714286 0.671428571 0.575714286 0.801428571
 [116] 0.812857143 0.768571429 0.141428571 0.924285714 0.300000000
 [121] 0.407142857 0.222857143 0.627142857 0.762857143 0.255714286
 [126] 0.017142857 0.991428571 0.485714286 0.210000000 0.027142857
 [131] 0.774285714 0.975714286 0.325714286 0.754285714 0.304285714
 [136] 0.391428571 0.022857143 0.994285714 0.322857143 0.368571429
 [141] 0.215714286 0.338571429 0.755714286 0.338571429 0.697142857
 [146] 0.067142857 0.671428571 0.638571429 0.232857143 0.661428571
 [151] 0.077142857 0.748571429 0.154285714 0.587142857 0.894285714
 [156] 0.525714286 0.084285714 0.194285714 0.937142857 0.372857143
 [161] 0.722857143 0.430000000 0.295714286 0.582857143 0.057142857
 [166] 0.934285714 0.671428571 0.128571429 0.250000000 0.398571429
 [171] 0.158571429 0.104285714 0.455714286 0.417142857 0.707142857
 [176] 0.321428571 0.580000000 0.025714286 0.688571429 0.230000000
 [181] 0.947142857 0.464285714 0.621428571 0.012857143 0.001428571
 [186] 0.134285714 0.874285714 0.078571429 0.465714286 0.584285714
 [191] 0.654285714 0.570000000 0.158571429 0.770000000 0.520000000
 [196] 0.387142857 0.774285714 0.728571429 1.000000000 0.931428571
 [201] 0.398571429 0.530000000 0.871428571 0.974285714 0.067142857
 [206] 0.434285714 0.588571429 0.017142857 0.195714286 0.515714286
 [211] 0.161428571 0.961428571 0.565714286 0.384285714 0.621428571
 [216] 0.297142857 0.790000000 0.361428571 0.528571429 0.494285714
 [221] 0.684285714 0.654285714 0.651428571 0.557142857 0.217142857
 [226] 0.461428571 0.550000000 0.785714286 0.381428571 0.648571429
 [231] 0.747142857 0.345714286 0.842857143 0.775714286 0.305714286
 [236] 0.107142857 0.501428571 0.587142857 0.314285714 0.764285714
 [241] 0.601428571 0.511428571 0.387142857 0.422857143 0.642857143
 [246] 0.885714286 0.802857143 0.251428571 0.761428571 0.361428571
 [251] 0.358571429 0.041428571 0.415714286 0.507142857 0.747142857
 [256] 0.634285714 0.980000000 0.607142857 0.831428571 0.437142857
 [261] 0.261428571 0.541428571 0.441428571 0.848571429 0.108571429
 [266] 0.701428571 0.358571429 0.885714286 0.300000000 0.585714286
 [271] 0.210000000 0.127142857 0.832857143 0.445714286 0.868571429
 [276] 0.314285714 0.930000000 0.125714286 0.795714286 0.550000000
 [281] 0.305714286 0.458571429 0.587142857 0.722857143 0.357142857
 [286] 0.980000000 0.424285714 0.578571429 0.778571429 0.890000000
 [291] 0.072857143 0.814285714 0.114285714 0.302857143 0.174285714
 [296] 0.414285714 0.388571429 0.397142857 0.534285714 0.150000000
 [301] 0.307142857 0.891428571 0.535714286 0.962857143 0.227142857
 [306] 0.445714286 0.144285714 0.504285714 0.558571429 0.884285714
 [311] 0.477142857 0.245714286 0.321428571 0.382857143 0.807142857
 [316] 0.590000000 0.032857143 0.205714286 0.940000000 0.557142857
 [321] 0.611428571 0.121428571 0.098571429 0.941428571 0.761428571
 [326] 0.790000000 0.922857143 0.152857143 0.018571429 0.998571429
 [331] 0.884285714 0.904285714 0.395714286 0.482857143 0.412857143
 [336] 0.504285714 0.070000000 0.367142857 0.892857143 0.007142857
 [341] 0.454285714 0.051428571 0.747142857 0.857142857 0.805714286
 [346] 0.674285714 0.594285714 0.785714286 0.478571429 0.772857143
 [351] 0.750000000 0.401428571 0.244285714 0.978571429 0.425714286
 [356] 0.484285714 0.505714286 0.518571429 0.637142857 0.551428571
 [361] 0.668571429 0.840000000 0.237142857 0.130000000 0.931428571
 [366] 0.234285714 0.358571429 0.868571429 0.117142857 0.571428571
 [371] 0.320000000 0.650000000 0.868571429 0.095714286 0.925714286
 [376] 0.528571429 0.560000000 0.147142857 0.850000000 0.270000000
 [381] 0.800000000 0.830000000 0.818571429 0.145714286 0.404285714
 [386] 0.102857143 0.815714286 0.118571429 0.024285714 0.195714286
 [391] 0.262857143 0.514285714 0.302857143 0.590000000 0.564285714
 [396] 0.525714286 0.161428571 0.935714286 0.915714286 0.067142857
 [401] 0.595714286 0.164285714 0.584285714 0.515714286 0.702857143
 [406] 0.131428571 0.768571429 0.750000000 0.387142857 0.852857143
 [411] 0.935714286 0.951428571 0.241428571 0.820000000 0.278571429
 [416] 0.641428571 0.555714286 0.451428571 0.527142857 0.805714286
 [421] 0.991428571 0.991428571 0.387142857 0.992857143 0.230000000
 [426] 0.311428571 0.327142857 0.115714286 0.951428571 0.844285714
 [431] 0.807142857 0.084285714 0.854285714 0.561428571 0.741428571
 [436] 0.814285714 0.484285714 0.395714286 0.622857143 0.871428571
 [441] 0.444285714 0.158571429 0.122857143 0.234285714 0.547142857
 [446] 0.020000000 0.327142857 0.445714286 0.351428571 0.980000000
 [451] 0.347142857 0.835714286 0.290000000 0.545714286 0.588571429
 [456] 0.587142857 1.000000000 0.112857143 0.838571429 0.005714286
 [461] 0.927142857 0.818571429 0.821428571 0.905714286 0.910000000
 [466] 0.152857143 0.211428571 0.482857143 0.328571429 0.620000000
 [471] 0.458571429 0.210000000 0.575714286 0.687142857 0.187142857
 [476] 0.847142857 0.402857143 0.964285714 0.672857143 0.207142857
 [481] 0.290000000 0.641428571 0.415714286 0.441428571 0.470000000
 [486] 0.488571429 0.602857143 0.682857143 0.438571429 0.492857143
 [491] 0.304285714 0.220000000 0.652857143 0.615714286 0.275714286
 [496] 0.204285714 0.070000000 0.394285714 0.278571429 0.621428571
 [501] 0.117142857 0.517142857 0.490000000 0.794285714 0.961428571
 [506] 0.540000000 0.224285714 0.651428571 0.908571429 0.498571429
 [511] 0.038571429 0.275714286 0.385714286 0.168571429 0.141428571
 [516] 0.980000000 0.181428571 0.672857143 0.205714286 0.112857143
 [521] 0.770000000 0.267142857 0.197142857 0.272857143 0.742857143
 [526] 0.452857143 0.991428571 0.184285714 0.410000000 0.581428571
 [531] 0.015714286 0.007142857 0.225714286 0.680000000 0.610000000
 [536] 0.822857143 0.842857143 0.354285714 0.884285714 0.315714286
 [541] 0.730000000 0.540000000 0.172857143 0.098571429 0.544285714
 [546] 0.240000000 0.327142857 0.292857143 0.280000000 0.930000000
 [551] 0.240000000 0.951428571 0.380000000 0.657142857 0.677142857
 [556] 0.871428571 0.037142857 0.747142857 0.772857143 0.588571429
 [561] 0.285714286 0.758571429 0.798571429 0.981428571 0.675714286
 [566] 0.374285714 0.614285714 0.680000000 0.918571429 0.547142857
 [571] 0.391428571 0.855714286 0.590000000 0.638571429 0.521428571
 [576] 0.422857143 0.347142857 0.311428571 0.208571429 0.274285714
 [581] 0.447142857 0.174285714 0.707142857 0.942857143 0.808571429
 [586] 0.685714286 0.577142857 0.222857143 0.814285714 0.270000000
 [591] 0.694285714 0.675714286 0.328571429 0.704285714 0.592857143
 [596] 0.261428571 0.462857143 0.154285714 0.332857143 0.151428571
 [601] 0.502857143 0.997142857 0.187142857 0.137142857 0.495714286
 [606] 0.550000000 0.305714286 0.594285714 0.825714286 0.105714286
 [611] 0.855714286 0.371428571 0.027142857 0.714285714 0.632857143
 [616] 0.535714286 0.818571429 0.524285714 0.468571429 0.828571429
 [621] 0.742857143 0.022857143 0.670000000 0.324285714 0.198571429
 [626] 0.692857143 0.170000000 0.625714286 0.048571429 0.357142857
 [631] 0.732857143 0.067142857 0.631428571 0.850000000 0.845714286
 [636] 0.954285714 0.691428571 0.747142857 0.068571429 0.297142857
 [641] 0.271428571 0.377142857 0.712857143 0.380000000 0.967142857
 [646] 0.528571429 0.001428571 0.264285714 0.050000000 0.051428571
 [651] 0.078571429 0.080000000 0.968571429 0.640000000 0.411428571
 [656] 0.471428571 0.701428571 0.034285714 0.652857143 0.410000000
 [661] 0.420000000 0.932857143 0.024285714 0.264285714 0.370000000
 [666] 0.847142857 0.602857143 0.271428571 0.400000000 0.964285714
 [671] 0.438571429 0.545714286 0.238571429 0.840000000 0.930000000
 [676] 0.835714286 0.610000000 0.587142857 0.687142857 0.567142857
 [681] 0.698571429 0.770000000 0.130000000 0.351428571 0.302857143
 [686] 0.102857143 0.328571429 0.135714286 0.237142857 0.572857143
 [691] 0.888571429 0.127142857 0.467142857 0.950000000 0.832857143
 [696] 0.678571429 0.047142857 0.288571429 0.404285714 0.568571429
 [701] 0.087142857 0.494285714 0.285714286 0.491428571 0.298571429
 [706] 0.497142857 0.435714286 0.677142857 0.857142857 0.535714286
 [711] 0.777142857 0.880000000 0.988571429 0.422857143 0.822857143
 [716] 0.991428571 0.040000000 0.917142857 0.271428571 0.464285714
 [721] 0.335714286 0.305714286 0.815714286 0.694285714 0.590000000
 [726] 0.947142857 0.837142857 0.012857143 0.555714286 0.677142857
 [731] 0.430000000 0.490000000 0.961428571 0.631428571 0.208571429
 [736] 0.671428571 0.634285714 0.575714286 0.102857143 0.388571429
 [741] 0.450000000 0.437142857 0.595714286 0.455714286 0.027142857
 [746] 0.911428571 0.912857143 0.815714286 0.121428571 0.244285714
 [751] 0.285714286 0.821428571 0.871428571 0.044285714 0.338571429
 [756] 0.291428571 0.752857143 0.820000000 0.891428571 0.881428571
 [761] 0.050000000 0.540000000 0.497142857 0.997142857 0.978571429
 [766] 0.297142857 0.105714286 0.727142857 0.645714286 0.584285714
 [771] 0.578571429 0.175714286 0.280000000 0.710000000 0.195714286
 [776] 0.598571429 0.962857143 0.558571429 0.675714286 0.518571429
 [781] 0.367142857 0.151428571 0.600000000 0.598571429 0.478571429
 [786] 0.882857143 0.824285714 0.641428571 0.522857143 0.834285714
 [791] 0.398571429 0.547142857 0.102857143 0.075714286 0.992857143
 [796] 0.350000000 0.911428571 0.681428571 0.054285714 0.334285714
 [801] 0.432857143 0.140000000 0.150000000 0.428571429 0.808571429
 [806] 0.964285714 0.807142857 0.852857143 0.574285714 0.420000000
 [811] 0.020000000 0.200000000 0.018571429 0.085714286 0.990000000
 [816] 0.218571429 0.387142857 0.902857143 0.430000000 0.614285714
 [821] 0.240000000 0.107142857 0.028571429 0.250000000 1.000000000
 [826] 0.958571429 0.310000000 0.530000000 0.022857143 0.984285714
 [831] 0.432857143 0.487142857 0.381428571 0.051428571 0.462857143
 [836] 0.701428571 0.688571429 0.702857143 0.750000000 0.565714286
 [841] 0.428571429 0.775714286 0.210000000 0.434285714 0.360000000
 [846] 0.235714286 0.094285714 0.687142857 0.251428571 0.300000000
 [851] 0.110000000 0.581428571 0.642857143 0.004285714 0.555714286
 [856] 0.947142857 0.805714286 0.821428571 0.857142857 0.825714286
 [861] 0.630000000 0.412857143 0.514285714 0.172857143 0.624285714
 [866] 0.897142857 0.334285714 0.620000000 0.497142857 0.457142857
 [871] 0.560000000 0.642857143 0.851428571 0.802857143 0.905714286
 [876] 0.338571429 0.160000000 0.315714286 0.375714286 0.674285714
 [881] 0.995714286 0.088571429 0.987142857 0.421428571 0.110000000
 [886] 0.934285714 0.151428571 0.862857143 0.435714286 0.640000000
 [891] 0.982857143 0.530000000 0.922857143 0.838571429 0.982857143
 [896] 0.697142857 0.281428571 0.525714286 0.361428571 0.861428571
 [901] 0.227142857 0.590000000 0.455714286 0.424285714 0.300000000
 [906] 0.302857143 0.230000000 0.748571429 0.061428571 0.735714286
 [911] 0.261428571 0.518571429 0.182857143 0.861428571 0.424285714
 [916] 0.758571429 0.592857143 0.250000000 0.508571429 0.040000000
 [921] 0.238571429 0.115714286 0.922857143 0.074285714 0.218571429
 [926] 0.702857143 0.311428571 0.454285714 0.448571429 0.227142857
 [931] 0.201428571 0.278571429 0.128571429 0.080000000 0.054285714
 [936] 0.328571429 0.645714286 0.244285714 0.360000000 0.074285714
 [941] 0.284285714 0.321428571 0.121428571 0.012857143 0.354285714
 [946] 0.270000000 0.264285714 0.474285714 0.170000000 0.972857143
 [951] 0.202857143 0.347142857 0.130000000 0.840000000 0.138571429
 [956] 0.588571429 0.541428571 0.674285714 0.317142857 0.891428571
 [961] 0.308571429 0.292857143 0.457142857 0.530000000 0.025714286
 [966] 0.537142857 0.252857143 0.131428571 0.124285714 0.754285714
 [971] 0.384285714 0.317142857 0.727142857 0.182857143 0.375714286
 [976] 0.281428571 0.977142857 0.695714286 0.914285714 0.894285714
 [981] 0.075714286 0.221428571 0.312857143 0.598571429 0.811428571
 [986] 0.835714286 0.077142857 0.284285714 0.270000000 0.632857143
 [991] 0.005714286 0.337142857 0.454285714 0.384285714 0.352857143
 [996] 0.537142857 0.800000000 0.874285714 0.322857143 1.000000000

> pFValues
   [1] 0.418571429 0.107142857 0.667142857 0.511428571 0.980000000
   [6] 0.477142857 0.687142857 0.442857143 0.864285714 0.678571429
  [11] 0.635714286 0.048571429 0.310000000 0.642857143 0.957142857
  [16] 0.414285714 0.507142857 0.650000000 0.788571429 0.942857143
  [21] 0.305714286 0.131428571 0.788571429 0.211428571 0.295714286
  [26] 0.155714286 0.897142857 0.805714286 0.575714286 0.311428571
  [31] 0.471428571 0.267142857 0.258571429 0.448571429 0.692857143
  [36] 0.644285714 0.542857143 0.680000000 0.725714286 0.062857143
  [41] 0.922857143 0.065714286 0.945714286 0.632857143 0.254285714
  [46] 0.200000000 0.680000000 0.332857143 0.345714286 0.191428571
  [51] 0.425714286 0.531428571 0.208571429 0.802857143 0.207142857
  [56] 0.244285714 0.908571429 0.097142857 0.578571429 0.288571429
  [61] 0.960000000 0.548571429 0.197142857 0.047142857 0.344285714
  [66] 0.991428571 0.392857143 0.881428571 0.050000000 0.198571429
  [71] 0.497142857 0.270000000 0.470000000 0.237142857 0.902857143
  [76] 0.640000000 0.185714286 0.174285714 0.128571429 0.122857143
  [81] 0.301428571 0.747142857 0.588571429 0.632857143 0.084285714
  [86] 0.801428571 0.251428571 0.600000000 0.285714286 0.617142857
  [91] 0.194285714 0.224285714 0.591428571 0.611428571 0.017142857
  [96] 0.177142857 0.951428571 0.431428571 0.697142857 0.052857143
 [101] 0.610000000 0.962857143 0.811428571 0.185714286 0.661428571
 [106] 0.761428571 0.262857143 0.831428571 0.197142857 0.618571429
 [111] 0.368571429 0.064285714 0.687142857 0.560000000 0.807142857
 [116] 0.810000000 0.767142857 0.152857143 0.922857143 0.282857143
 [121] 0.412857143 0.217142857 0.624285714 0.808571429 0.287142857
 [126] 0.134285714 0.991428571 0.471428571 0.117142857 0.054285714
 [131] 0.737142857 0.975714286 0.262857143 0.755714286 0.315714286
 [136] 0.404285714 0.041428571 0.995714286 0.251428571 0.350000000
 [141] 0.221428571 0.402857143 0.741428571 0.341428571 0.667142857
 [146] 0.061428571 0.742857143 0.642857143 0.191428571 0.644285714
 [151] 0.185714286 0.742857143 0.104285714 0.591428571 0.888571429
 [156] 0.495714286 0.142857143 0.175714286 0.940000000 0.430000000
 [161] 0.708571429 0.398571429 0.347142857 0.540000000 0.072857143
 [166] 0.930000000 0.628571429 0.108571429 0.214285714 0.408571429
 [171] 0.087142857 0.065714286 0.470000000 0.577142857 0.712857143
 [176] 0.335714286 0.492857143 0.010000000 0.722857143 0.128571429
 [181] 0.950000000 0.411428571 0.614285714 0.004285714 0.001428571
 [186] 0.220000000 0.877142857 0.072857143 0.451428571 0.627142857
 [191] 0.644285714 0.532857143 0.124285714 0.805714286 0.518571429
 [196] 0.398571429 0.714285714 0.724285714 1.000000000 0.924285714
 [201] 0.377142857 0.547142857 0.891428571 0.975714286 0.065714286
 [206] 0.402857143 0.575714286 0.010000000 0.232857143 0.494285714
 [211] 0.160000000 0.962857143 0.564285714 0.280000000 0.648571429
 [216] 0.351428571 0.818571429 0.385714286 0.535714286 0.491428571
 [221] 0.667142857 0.661428571 0.631428571 0.518571429 0.234285714
 [226] 0.471428571 0.465714286 0.755714286 0.311428571 0.640000000
 [231] 0.778571429 0.442857143 0.840000000 0.734285714 0.261428571
 [236] 0.112857143 0.554285714 0.624285714 0.278571429 0.765714286
 [241] 0.540000000 0.524285714 0.382857143 0.407142857 0.652857143
 [246] 0.865714286 0.787142857 0.198571429 0.754285714 0.324285714
 [251] 0.342857143 0.108571429 0.401428571 0.524285714 0.745714286
 [256] 0.612857143 0.981428571 0.631428571 0.837142857 0.441428571
 [261] 0.200000000 0.584285714 0.385714286 0.844285714 0.122857143
 [266] 0.650000000 0.372857143 0.865714286 0.210000000 0.610000000
 [271] 0.117142857 0.131428571 0.830000000 0.495714286 0.814285714
 [276] 0.324285714 0.931428571 0.074285714 0.780000000 0.575714286
 [281] 0.167142857 0.471428571 0.502857143 0.737142857 0.357142857
 [286] 0.977142857 0.318571429 0.532857143 0.784285714 0.887142857
 [291] 0.105714286 0.815714286 0.135714286 0.357142857 0.161428571
 [296] 0.400000000 0.427142857 0.385714286 0.541428571 0.104285714
 [301] 0.234285714 0.871428571 0.561428571 0.964285714 0.248571429
 [306] 0.524285714 0.160000000 0.462857143 0.540000000 0.881428571
 [311] 0.354285714 0.145714286 0.241428571 0.380000000 0.790000000
 [316] 0.618571429 0.055714286 0.314285714 0.942857143 0.537142857
 [321] 0.627142857 0.128571429 0.192857143 0.940000000 0.715714286
 [326] 0.798571429 0.922857143 0.107142857 0.001428571 0.998571429
 [331] 0.892857143 0.904285714 0.384285714 0.528571429 0.427142857
 [336] 0.438571429 0.114285714 0.315714286 0.891428571 0.060000000
 [341] 0.514285714 0.038571429 0.750000000 0.877142857 0.800000000
 [346] 0.721428571 0.627142857 0.788571429 0.384285714 0.764285714
 [351] 0.768571429 0.412857143 0.192857143 0.980000000 0.364285714
 [356] 0.561428571 0.498571429 0.505714286 0.645714286 0.495714286
 [361] 0.658571429 0.790000000 0.235714286 0.195714286 0.922857143
 [366] 0.222857143 0.417142857 0.862857143 0.100000000 0.494285714
 [371] 0.325714286 0.638571429 0.870000000 0.072857143 0.925714286
 [376] 0.495714286 0.488571429 0.140000000 0.877142857 0.228571429
 [381] 0.804285714 0.840000000 0.832857143 0.155714286 0.410000000
 [386] 0.191428571 0.824285714 0.150000000 0.090000000 0.252857143
 [391] 0.230000000 0.511428571 0.325714286 0.567142857 0.545714286
 [396] 0.574285714 0.094285714 0.935714286 0.920000000 0.047142857
 [401] 0.551428571 0.147142857 0.554285714 0.560000000 0.701428571
 [406] 0.152857143 0.785714286 0.795714286 0.482857143 0.845714286
 [411] 0.930000000 0.957142857 0.308571429 0.768571429 0.331428571
 [416] 0.642857143 0.604285714 0.460000000 0.541428571 0.792857143
 [421] 0.991428571 0.991428571 0.342857143 0.991428571 0.240000000
 [426] 0.318571429 0.237142857 0.062857143 0.944285714 0.842857143
 [431] 0.794285714 0.112857143 0.861428571 0.574285714 0.734285714
 [436] 0.805714286 0.530000000 0.378571429 0.622857143 0.872857143
 [441] 0.435714286 0.175714286 0.242857143 0.247142857 0.502857143
 [446] 0.002857143 0.247142857 0.502857143 0.294285714 0.977142857
 [451] 0.252857143 0.827142857 0.375714286 0.502857143 0.655714286
 [456] 0.588571429 1.000000000 0.187142857 0.842857143 0.015714286
 [461] 0.915714286 0.802857143 0.817142857 0.904285714 0.905714286
 [466] 0.128571429 0.211428571 0.508571429 0.331428571 0.552857143
 [471] 0.535714286 0.197142857 0.592857143 0.695714286 0.154285714
 [476] 0.840000000 0.400000000 0.962857143 0.704285714 0.200000000
 [481] 0.237142857 0.645714286 0.352857143 0.455714286 0.420000000
 [486] 0.487142857 0.615714286 0.692857143 0.448571429 0.472857143
 [491] 0.318571429 0.294285714 0.638571429 0.614285714 0.244285714
 [496] 0.207142857 0.074285714 0.380000000 0.211428571 0.580000000
 [501] 0.127142857 0.442857143 0.530000000 0.792857143 0.961428571
 [506] 0.640000000 0.182857143 0.601428571 0.905714286 0.535714286
 [511] 0.012857143 0.207142857 0.395714286 0.137142857 0.205714286
 [516] 0.981428571 0.102857143 0.635714286 0.127142857 0.191428571
 [521] 0.768571429 0.268571429 0.151428571 0.160000000 0.744285714
 [526] 0.542857143 0.990000000 0.465714286 0.415714286 0.567142857
 [531] 0.005714286 0.007142857 0.390000000 0.655714286 0.615714286
 [536] 0.818571429 0.857142857 0.352857143 0.877142857 0.340000000
 [541] 0.727142857 0.551428571 0.147142857 0.072857143 0.564285714
 [546] 0.185714286 0.301428571 0.322857143 0.250000000 0.935714286
 [551] 0.221428571 0.952857143 0.354285714 0.685714286 0.661428571
 [556] 0.857142857 0.071428571 0.751428571 0.771428571 0.610000000
 [561] 0.165714286 0.797142857 0.812857143 0.981428571 0.685714286
 [566] 0.388571429 0.614285714 0.644285714 0.918571429 0.497142857
 [571] 0.307142857 0.857142857 0.597142857 0.594285714 0.532857143
 [576] 0.435714286 0.355714286 0.427142857 0.260000000 0.168571429
 [581] 0.471428571 0.195714286 0.737142857 0.944285714 0.808571429
 [586] 0.671428571 0.585714286 0.220000000 0.791428571 0.292857143
 [591] 0.688571429 0.628571429 0.305714286 0.718571429 0.590000000
 [596] 0.240000000 0.474285714 0.117142857 0.247142857 0.170000000
 [601] 0.434285714 0.998571429 0.435714286 0.201428571 0.440000000
 [606] 0.568571429 0.438571429 0.597142857 0.821428571 0.067142857
 [611] 0.864285714 0.435714286 0.022857143 0.730000000 0.602857143
 [616] 0.495714286 0.824285714 0.671428571 0.530000000 0.838571429
 [621] 0.728571429 0.014285714 0.674285714 0.302857143 0.160000000
 [626] 0.700000000 0.197142857 0.625714286 0.081428571 0.252857143
 [631] 0.654285714 0.055714286 0.674285714 0.854285714 0.835714286
 [636] 0.944285714 0.661428571 0.727142857 0.022857143 0.357142857
 [641] 0.277142857 0.385714286 0.724285714 0.340000000 0.967142857
 [646] 0.581428571 0.018571429 0.395714286 0.302857143 0.081428571
 [651] 0.035714286 0.042857143 0.968571429 0.717142857 0.418571429
 [656] 0.444285714 0.681428571 0.025714286 0.680000000 0.460000000
 [661] 0.417142857 0.942857143 0.028571429 0.300000000 0.341428571
 [666] 0.850000000 0.597142857 0.234285714 0.364285714 0.962857143
 [671] 0.418571429 0.551428571 0.170000000 0.861428571 0.928571429
 [676] 0.820000000 0.625714286 0.604285714 0.678571429 0.547142857
 [681] 0.708571429 0.764285714 0.074285714 0.338571429 0.258571429
 [686] 0.052857143 0.327142857 0.221428571 0.151428571 0.530000000
 [691] 0.878571429 0.087142857 0.458571429 0.957142857 0.845714286
 [696] 0.675714286 0.015714286 0.168571429 0.364285714 0.537142857
 [701] 0.038571429 0.487142857 0.242857143 0.438571429 0.227142857
 [706] 0.495714286 0.431428571 0.682857143 0.861428571 0.535714286
 [711] 0.674285714 0.882857143 0.985714286 0.418571429 0.820000000
 [716] 0.991428571 0.042857143 0.917142857 0.198571429 0.444285714
 [721] 0.292857143 0.367142857 0.815714286 0.684285714 0.604285714
 [726] 0.950000000 0.848571429 0.005714286 0.612857143 0.702857143
 [731] 0.457142857 0.405714286 0.964285714 0.635714286 0.274285714
 [736] 0.640000000 0.604285714 0.538571429 0.114285714 0.471428571
 [741] 0.480000000 0.361428571 0.632857143 0.420000000 0.090000000
 [746] 0.912857143 0.927142857 0.790000000 0.118571429 0.232857143
 [751] 0.197142857 0.827142857 0.870000000 0.035714286 0.214285714
 [756] 0.301428571 0.760000000 0.811428571 0.872857143 0.924285714
 [761] 0.057142857 0.502857143 0.514285714 0.997142857 0.975714286
 [766] 0.237142857 0.082857143 0.677142857 0.622857143 0.571428571
 [771] 0.517142857 0.115714286 0.337142857 0.637142857 0.375714286
 [776] 0.595714286 0.964285714 0.418571429 0.735714286 0.550000000
 [781] 0.340000000 0.171428571 0.661428571 0.575714286 0.414285714
 [786] 0.888571429 0.814285714 0.585714286 0.524285714 0.824285714
 [791] 0.452857143 0.615714286 0.184285714 0.040000000 0.994285714
 [796] 0.315714286 0.915714286 0.681428571 0.080000000 0.322857143
 [801] 0.404285714 0.150000000 0.211428571 0.362857143 0.814285714
 [806] 0.962857143 0.810000000 0.838571429 0.527142857 0.381428571
 [811] 0.015714286 0.145714286 0.042857143 0.108571429 0.990000000
 [816] 0.218571429 0.395714286 0.895714286 0.421428571 0.575714286
 [821] 0.174285714 0.094285714 0.010000000 0.318571429 1.000000000
 [826] 0.950000000 0.264285714 0.565714286 0.067142857 0.984285714
 [831] 0.428571429 0.555714286 0.297142857 0.040000000 0.558571429
 [836] 0.708571429 0.710000000 0.704285714 0.730000000 0.562857143
 [841] 0.410000000 0.755714286 0.115714286 0.432857143 0.284285714
 [846] 0.255714286 0.092857143 0.724285714 0.210000000 0.352857143
 [851] 0.064285714 0.607142857 0.607142857 0.004285714 0.575714286
 [856] 0.951428571 0.792857143 0.795714286 0.864285714 0.810000000
 [861] 0.617142857 0.442857143 0.488571429 0.212857143 0.601428571
 [866] 0.901428571 0.235714286 0.581428571 0.504285714 0.420000000
 [871] 0.581428571 0.658571429 0.844285714 0.798571429 0.911428571
 [876] 0.280000000 0.137142857 0.258571429 0.445714286 0.591428571
 [881] 0.995714286 0.148571429 0.988571429 0.471428571 0.062857143
 [886] 0.931428571 0.100000000 0.852857143 0.401428571 0.671428571
 [891] 0.980000000 0.491428571 0.925714286 0.827142857 0.984285714
 [896] 0.762857143 0.397142857 0.517142857 0.358571429 0.848571429
 [901] 0.172857143 0.592857143 0.390000000 0.420000000 0.252857143
 [906] 0.317142857 0.262857143 0.731428571 0.060000000 0.740000000
 [911] 0.591428571 0.491428571 0.147142857 0.871428571 0.417142857
 [916] 0.741428571 0.635714286 0.247142857 0.488571429 0.062857143
 [921] 0.255714286 0.144285714 0.921428571 0.124285714 0.157142857
 [926] 0.688571429 0.332857143 0.574285714 0.444285714 0.211428571
 [931] 0.221428571 0.392857143 0.071428571 0.190000000 0.052857143
 [936] 0.354285714 0.647142857 0.215714286 0.327142857 0.044285714
 [941] 0.501428571 0.414285714 0.107142857 0.011428571 0.477142857
 [946] 0.237142857 0.230000000 0.488571429 0.137142857 0.971428571
 [951] 0.212857143 0.324285714 0.087142857 0.825714286 0.134285714
 [956] 0.604285714 0.571428571 0.650000000 0.351428571 0.895714286
 [961] 0.295714286 0.308571429 0.440000000 0.534285714 0.014285714
 [966] 0.524285714 0.378571429 0.152857143 0.382857143 0.748571429
 [971] 0.385714286 0.224285714 0.710000000 0.107142857 0.307142857
 [976] 0.294285714 0.977142857 0.698571429 0.911428571 0.887142857
 [981] 0.080000000 0.221428571 0.268571429 0.648571429 0.818571429
 [986] 0.830000000 0.138571429 0.248571429 0.244285714 0.620000000
 [991] 0.001428571 0.351428571 0.445714286 0.331428571 0.392857143
 [996] 0.502857143 0.802857143 0.885714286 0.304285714 1.000000000

> print("PowerL")
[1] "PowerL"
> print(PowerL)
[1] 0.043
> print("PowerF")
[1] "PowerF"
> print(PowerF)
[1] 0.039