> pLValues
   [1] 0.501428571 0.851428571 0.300000000 0.078571429 0.311428571
   [6] 0.390000000 0.377142857 0.082857143 0.555714286 0.112857143
  [11] 0.364285714 0.900000000 0.815714286 0.291428571 0.934285714
  [16] 0.180000000 0.805714286 0.800000000 0.268571429 0.608571429
  [21] 0.858571429 0.348571429 0.467142857 0.401428571 0.577142857
  [26] 0.474285714 0.711428571 0.900000000 0.497142857 0.794285714
  [31] 0.657142857 0.048571429 0.452857143 0.987142857 0.667142857
  [36] 0.201428571 0.817142857 0.974285714 0.928571429 0.001428571
  [41] 0.732857143 0.318571429 0.908571429 0.450000000 0.017142857
  [46] 0.270000000 0.084285714 0.224285714 0.791428571 0.205714286
  [51] 0.991428571 0.401428571 0.342857143 0.484285714 0.724285714
  [56] 0.517142857 0.864285714 0.061428571 0.114285714 0.124285714
  [61] 0.687142857 0.062857143 0.162857143 0.625714286 0.247142857
  [66] 0.035714286 0.068571429 0.174285714 0.184285714 0.977142857
  [71] 0.377142857 0.048571429 0.402857143 0.394285714 0.141428571
  [76] 0.150000000 0.118571429 0.702857143 0.441428571 0.061428571
  [81] 0.454285714 0.388571429 0.924285714 0.284285714 0.180000000
  [86] 0.944285714 0.212857143 0.132857143 0.462857143 0.230000000
  [91] 0.478571429 0.675714286 0.185714286 0.044285714 0.902857143
  [96] 0.162857143 0.028571429 0.087142857 0.132857143 0.845714286
 [101] 0.101428571 0.601428571 0.331428571 0.924285714 0.767142857
 [106] 0.521428571 0.754285714 0.622857143 0.700000000 0.910000000
 [111] 0.861428571 0.788571429 0.401428571 0.917142857 0.835714286
 [116] 0.092857143 0.738571429 0.688571429 0.035714286 0.195714286
 [121] 0.577142857 0.901428571 0.890000000 0.774285714 0.728571429
 [126] 0.538571429 0.042857143 0.111428571 0.618571429 0.552857143
 [131] 0.000000000 0.844285714 0.047142857 0.974285714 0.177142857
 [136] 0.047142857 0.420000000 0.378571429 0.455714286 0.714285714
 [141] 0.035714286 0.487142857 0.812857143 0.977142857 0.312857143
 [146] 0.184285714 0.330000000 0.997142857 0.637142857 0.105714286
 [151] 0.664285714 0.797142857 0.808571429 0.825714286 0.300000000
 [156] 0.622857143 0.585714286 0.370000000 0.038571429 0.202857143
 [161] 0.581428571 0.594285714 0.127142857 0.857142857 0.352857143
 [166] 0.927142857 0.617142857 0.354285714 0.612857143 0.628571429
 [171] 0.941428571 0.215714286 0.404285714 0.021428571 0.494285714
 [176] 0.045714286 0.925714286 0.468571429 0.818571429 0.562857143
 [181] 0.977142857 0.875714286 0.804285714 0.927142857 0.427142857
 [186] 0.978571429 0.042857143 0.845714286 0.785714286 0.912857143
 [191] 0.587142857 0.007142857 0.684285714 0.148571429 0.848571429
 [196] 0.938571429 0.567142857 0.942857143 0.278571429 0.527142857
 [201] 0.182857143 0.638571429 0.112857143 0.108571429 0.631428571
 [206] 0.277142857 0.240000000 0.461428571 0.030000000 0.551428571
 [211] 0.802857143 0.912857143 0.957142857 0.814285714 0.998571429
 [216] 0.728571429 0.481428571 0.362857143 0.208571429 0.514285714
 [221] 0.535714286 0.411428571 0.877142857 0.625714286 0.347142857
 [226] 0.744285714 0.332857143 0.242857143 0.997142857 0.355714286
 [231] 0.805714286 0.055714286 0.680000000 0.870000000 0.211428571
 [236] 0.300000000 0.024285714 0.128571429 0.987142857 0.812857143
 [241] 0.324285714 0.704285714 0.480000000 0.114285714 0.518571429
 [246] 0.777142857 0.487142857 0.241428571 0.278571429 0.451428571
 [251] 0.590000000 0.244285714 0.075714286 0.595714286 0.552857143
 [256] 0.382857143 0.412857143 0.755714286 0.502857143 0.632857143
 [261] 0.747142857 0.967142857 0.487142857 0.391428571 0.438571429
 [266] 0.205714286 0.961428571 0.114285714 0.091428571 0.978571429
 [271] 0.868571429 0.520000000 0.261428571 0.904285714 0.350000000
 [276] 0.540000000 0.394285714 0.600000000 0.200000000 0.724285714
 [281] 0.680000000 0.231428571 0.522857143 0.132857143 0.275714286
 [286] 0.447142857 0.388571429 0.171428571 0.427142857 0.772857143
 [291] 0.682857143 0.731428571 0.255714286 0.690000000 0.885714286
 [296] 0.937142857 0.707142857 0.944285714 0.691428571 0.128571429
 [301] 0.932857143 0.621428571 0.067142857 0.101428571 0.912857143
 [306] 0.550000000 0.682857143 0.774285714 0.988571429 0.962857143
 [311] 0.542857143 0.534285714 0.872857143 0.381428571 0.537142857
 [316] 0.755714286 0.260000000 0.407142857 0.218571429 0.914285714
 [321] 0.335714286 0.444285714 0.992857143 0.954285714 0.744285714
 [326] 0.350000000 0.671428571 0.164285714 0.302857143 0.147142857
 [331] 0.722857143 0.131428571 0.830000000 0.331428571 0.718571429
 [336] 0.372857143 0.991428571 0.585714286 0.204285714 0.287142857
 [341] 0.867142857 0.305714286 0.025714286 0.722857143 0.785714286
 [346] 0.885714286 0.455714286 0.448571429 0.742857143 0.397142857
 [351] 0.512857143 0.161428571 0.407142857 0.887142857 0.641428571
 [356] 0.381428571 0.390000000 0.928571429 0.722857143 0.652857143
 [361] 0.932857143 0.505714286 0.355714286 0.821428571 0.812857143
 [366] 0.807142857 0.642857143 0.420000000 0.670000000 0.411428571
 [371] 0.551428571 0.154285714 0.802857143 0.237142857 0.137142857
 [376] 0.500000000 0.618571429 0.634285714 0.715714286 0.330000000
 [381] 0.037142857 0.227142857 0.757142857 0.672857143 0.254285714
 [386] 0.255714286 0.581428571 0.442857143 0.532857143 0.240000000
 [391] 0.661428571 0.832857143 0.488571429 0.178571429 0.730000000
 [396] 0.818571429 0.494285714 0.177142857 0.321428571 0.342857143
 [401] 0.998571429 0.300000000 0.250000000 0.892857143 0.504285714
 [406] 0.062857143 0.890000000 0.322857143 0.982857143 0.555714286
 [411] 0.091428571 0.875714286 0.758571429 0.811428571 0.531428571
 [416] 0.441428571 0.404285714 0.077142857 0.061428571 0.558571429
 [421] 0.321428571 0.754285714 0.967142857 0.944285714 0.322857143
 [426] 0.450000000 0.435714286 0.852857143 0.867142857 0.995714286
 [431] 0.920000000 0.162857143 0.604285714 0.650000000 0.668571429
 [436] 0.764285714 0.987142857 0.014285714 0.975714286 0.555714286
 [441] 0.755714286 0.434285714 0.437142857 0.795714286 0.817142857
 [446] 0.015714286 0.942857143 0.000000000 0.914285714 0.135714286
 [451] 0.770000000 0.948571429 0.890000000 0.975714286 0.392857143
 [456] 0.745714286 0.601428571 0.970000000 0.752857143 0.395714286
 [461] 0.131428571 0.742857143 0.067142857 0.141428571 0.587142857
 [466] 0.885714286 0.197142857 0.552857143 0.620000000 0.900000000
 [471] 0.262857143 0.520000000 0.771428571 0.132857143 0.375714286
 [476] 0.018571429 0.021428571 0.480000000 0.141428571 0.774285714
 [481] 0.955714286 0.412857143 0.331428571 0.334285714 0.522857143
 [486] 0.648571429 0.137142857 0.575714286 0.775714286 0.471428571
 [491] 0.514285714 0.082857143 0.564285714 0.071428571 0.230000000
 [496] 0.915714286 0.345714286 0.785714286 0.277142857 0.688571429
 [501] 0.408571429 0.461428571 0.750000000 0.662857143 0.100000000
 [506] 0.844285714 0.917142857 0.205714286 0.855714286 0.620000000
 [511] 0.105714286 0.044285714 0.684285714 0.077142857 0.908571429
 [516] 0.191428571 0.895714286 0.485714286 0.852857143 0.064285714
 [521] 0.315714286 0.801428571 0.980000000 0.227142857 0.002857143
 [526] 0.441428571 0.850000000 0.710000000 0.705714286 0.727142857
 [531] 0.452857143 0.118571429 0.001428571 0.911428571 0.038571429
 [536] 0.982857143 0.305714286 0.481428571 0.615714286 0.192857143
 [541] 0.322857143 0.130000000 0.252857143 0.380000000 0.060000000
 [546] 0.725714286 0.965714286 0.045714286 0.377142857 0.031428571
 [551] 0.590000000 0.334285714 0.291428571 0.735714286 0.194285714
 [556] 0.397142857 0.540000000 0.928571429 0.507142857 0.940000000
 [561] 0.524285714 0.360000000 0.170000000 0.205714286 0.250000000
 [566] 0.461428571 0.028571429 0.830000000 0.084285714 0.715714286
 [571] 0.568571429 0.298571429 0.395714286 0.587142857 0.170000000
 [576] 0.210000000 0.481428571 0.824285714 0.547142857 0.221428571
 [581] 0.532857143 0.490000000 0.585714286 0.220000000 0.217142857
 [586] 0.948571429 0.072857143 0.134285714 0.014285714 0.108571429
 [591] 0.835714286 0.552857143 0.294285714 0.882857143 0.341428571
 [596] 0.924285714 0.965714286 0.841428571 0.842857143 0.160000000
 [601] 0.904285714 0.070000000 0.451428571 0.347142857 0.097142857
 [606] 0.855714286 0.821428571 0.055714286 0.844285714 0.467142857
 [611] 0.254285714 0.325714286 0.418571429 0.860000000 0.677142857
 [616] 0.671428571 0.285714286 0.165714286 0.521428571 0.382857143
 [621] 0.572857143 0.084285714 0.160000000 0.982857143 0.148571429
 [626] 0.134285714 0.797142857 0.338571429 0.735714286 0.988571429
 [631] 0.737142857 0.562857143 0.695714286 0.454285714 0.851428571
 [636] 0.640000000 0.237142857 0.634285714 0.940000000 1.000000000
 [641] 0.027142857 0.354285714 0.635714286 0.415714286 0.068571429
 [646] 0.174285714 0.388571429 0.234285714 0.610000000 0.337142857
 [651] 0.858571429 0.972857143 0.697142857 0.288571429 0.701428571
 [656] 0.914285714 0.658571429 0.130000000 0.981428571 0.102857143
 [661] 0.875714286 0.845714286 0.732857143 0.960000000 0.995714286
 [666] 0.474285714 0.417142857 0.792857143 0.552857143 0.128571429
 [671] 0.947142857 0.530000000 0.011428571 0.632857143 0.990000000
 [676] 0.637142857 0.667142857 0.797142857 0.720000000 0.501428571
 [681] 0.774285714 0.737142857 0.957142857 0.922857143 0.265714286
 [686] 0.042857143 0.230000000 0.851428571 0.067142857 0.837142857
 [691] 0.085714286 0.967142857 0.721428571 0.227142857 0.578571429
 [696] 0.031428571 0.218571429 0.110000000 0.957142857 0.127142857
 [701] 0.294285714 0.881428571 0.978571429 0.610000000 0.291428571
 [706] 0.540000000 0.195714286 0.258571429 0.355714286 0.937142857
 [711] 0.157142857 0.444285714 0.647142857 0.478571429 0.917142857
 [716] 0.111428571 0.858571429 0.235714286 0.090000000 0.321428571
 [721] 0.432857143 0.142857143 0.898571429 0.785714286 0.741428571
 [726] 0.894285714 0.144285714 0.458571429 0.708571429 0.988571429
 [731] 0.258571429 0.367142857 0.342857143 0.610000000 0.135714286
 [736] 0.104285714 0.757142857 0.890000000 0.127142857 0.000000000
 [741] 0.501428571 0.008571429 0.507142857 0.352857143 0.032857143
 [746] 0.664285714 0.864285714 0.611428571 0.982857143 0.561428571
 [751] 0.772857143 0.075714286 0.384285714 0.088571429 0.765714286
 [756] 0.891428571 0.211428571 0.635714286 0.278571429 0.707142857
 [761] 0.032857143 0.658571429 0.478571429 0.278571429 0.338571429
 [766] 0.467142857 0.157142857 0.650000000 0.627142857 0.650000000
 [771] 0.370000000 0.460000000 0.745714286 0.748571429 0.507142857
 [776] 0.651428571 0.597142857 0.000000000 0.661428571 0.770000000
 [781] 0.234285714 0.018571429 0.808571429 0.341428571 0.940000000
 [786] 0.510000000 0.194285714 0.537142857 0.300000000 0.914285714
 [791] 0.451428571 0.992857143 0.410000000 0.251428571 0.430000000
 [796] 0.294285714 0.688571429 0.994285714 0.714285714 0.252857143
 [801] 0.005714286 0.395714286 0.967142857 0.564285714 0.788571429
 [806] 0.084285714 0.150000000 0.222857143 0.294285714 0.715714286
 [811] 0.884285714 0.247142857 0.291428571 0.975714286 0.058571429
 [816] 0.054285714 0.217142857 0.148571429 0.222857143 0.190000000
 [821] 0.517142857 0.178571429 0.784285714 0.174285714 0.314285714
 [826] 0.914285714 0.810000000 0.230000000 0.565714286 0.232857143
 [831] 0.835714286 0.978571429 0.720000000 0.142857143 0.421428571
 [836] 0.205714286 0.160000000 0.377142857 0.010000000 0.801428571
 [841] 0.332857143 0.878571429 0.998571429 0.657142857 0.670000000
 [846] 0.950000000 0.934285714 0.684285714 0.774285714 0.140000000
 [851] 0.642857143 0.294285714 0.651428571 0.254285714 0.155714286
 [856] 0.214285714 0.647142857 0.314285714 0.571428571 0.138571429
 [861] 0.824285714 0.935714286 0.348571429 0.525714286 0.181428571
 [866] 0.241428571 0.297142857 0.440000000 0.780000000 0.032857143
 [871] 0.931428571 0.537142857 0.062857143 0.617142857 0.092857143
 [876] 0.112857143 0.888571429 0.215714286 0.990000000 0.812857143
 [881] 0.094285714 0.261428571 0.630000000 0.382857143 0.181428571
 [886] 0.961428571 0.600000000 0.804285714 0.182857143 0.317142857
 [891] 0.902857143 0.032857143 0.181428571 0.552857143 0.305714286
 [896] 0.195714286 0.558571429 0.692857143 0.294285714 0.230000000
 [901] 0.114285714 0.614285714 0.340000000 0.871428571 0.495714286
 [906] 0.862857143 0.090000000 0.435714286 0.665714286 0.084285714
 [911] 0.071428571 0.714285714 0.298571429 0.807142857 0.308571429
 [916] 0.310000000 0.337142857 0.832857143 0.361428571 0.507142857
 [921] 0.094285714 0.067142857 0.505714286 0.312857143 0.164285714
 [926] 0.975714286 0.878571429 0.847142857 0.620000000 0.531428571
 [931] 0.048571429 0.218571429 0.218571429 0.738571429 0.335714286
 [936] 0.351428571 0.538571429 0.145714286 0.664285714 0.710000000
 [941] 0.138571429 0.777142857 0.560000000 1.000000000 0.568571429
 [946] 0.032857143 0.451428571 0.155714286 0.885714286 0.490000000
 [951] 0.850000000 0.864285714 0.024285714 0.682857143 0.862857143
 [956] 0.714285714 0.431428571 0.918571429 0.537142857 0.102857143
 [961] 0.540000000 0.162857143 0.350000000 0.914285714 0.398571429
 [966] 0.820000000 0.760000000 0.188571429 0.805714286 0.395714286
 [971] 0.592857143 0.481428571 0.065714286 0.141428571 0.291428571
 [976] 0.554285714 0.410000000 0.955714286 0.810000000 0.482857143
 [981] 0.237142857 0.540000000 0.115714286 0.608571429 0.252857143
 [986] 0.608571429 0.000000000 0.508571429 0.382857143 0.684285714
 [991] 0.721428571 0.830000000 0.684285714 0.140000000 0.235714286
 [996] 0.927142857 0.308571429 0.302857143 0.141428571 0.865714286


> pFValues
   [1] 0.558571429 0.762857143 0.205714286 0.255714286 0.234285714
   [6] 0.352857143 0.514285714 0.022857143 0.322857143 0.152857143
  [11] 0.484285714 0.890000000 0.812857143 0.277142857 0.938571429
  [16] 0.125714286 0.805714286 0.771428571 0.222857143 0.640000000
  [21] 0.921428571 0.232857143 0.302857143 0.490000000 0.594285714
  [26] 0.437142857 0.680000000 0.844285714 0.274285714 0.747142857
  [31] 0.648571429 0.198571429 0.495714286 0.987142857 0.611428571
  [36] 0.121428571 0.828571429 0.974285714 0.930000000 0.331428571
  [41] 0.634285714 0.292857143 0.877142857 0.345714286 0.072857143
  [46] 0.192857143 0.088571429 0.188571429 0.797142857 0.172857143
  [51] 0.991428571 0.411428571 0.440000000 0.314285714 0.528571429
  [56] 0.432857143 0.860000000 0.067142857 0.262857143 0.055714286
  [61] 0.695714286 0.514285714 0.082857143 0.604285714 0.140000000
  [66] 0.055714286 0.092857143 0.177142857 0.364285714 0.980000000
  [71] 0.402857143 0.412857143 0.441428571 0.321428571 0.328571429
  [76] 0.305714286 0.042857143 0.622857143 0.465714286 0.281428571
  [81] 0.378571429 0.914285714 0.920000000 0.398571429 0.132857143
  [86] 0.942857143 0.411428571 0.387142857 0.345714286 0.262857143
  [91] 0.471428571 0.672857143 0.365714286 0.184285714 0.911428571
  [96] 0.202857143 0.067142857 0.062857143 0.107142857 0.852857143
 [101] 0.341428571 0.578571429 0.294285714 0.967142857 0.741428571
 [106] 0.300000000 0.752857143 0.600000000 0.677142857 0.918571429
 [111] 0.895714286 0.791428571 0.380000000 0.918571429 0.835714286
 [116] 0.265714286 0.675714286 0.661428571 0.010000000 0.190000000
 [121] 0.544285714 0.897142857 0.870000000 0.771428571 0.722857143
 [126] 0.377142857 0.052857143 0.255714286 0.618571429 0.494285714
 [131] 0.002857143 0.835714286 0.120000000 0.975714286 0.201428571
 [136] 0.031428571 0.427142857 0.427142857 0.365714286 0.804285714
 [141] 0.128571429 0.548571429 0.805714286 0.974285714 0.294285714
 [146] 0.387142857 0.435714286 0.997142857 0.910000000 0.082857143
 [151] 0.651428571 0.734285714 0.824285714 0.841428571 0.274285714
 [156] 0.558571429 0.580000000 0.312857143 0.290000000 0.192857143
 [161] 0.484285714 0.658571429 0.067142857 0.895714286 0.377142857
 [166] 0.921428571 0.618571429 0.385714286 0.605714286 0.747142857
 [171] 0.942857143 0.248571429 0.322857143 0.007142857 0.554285714
 [176] 0.117142857 0.927142857 0.428571429 0.820000000 0.714285714
 [181] 0.977142857 0.858571429 0.800000000 0.924285714 0.304285714
 [186] 0.978571429 0.035714286 0.835714286 0.784285714 0.888571429
 [191] 0.848571429 0.017142857 0.567142857 0.171428571 0.854285714
 [196] 0.941428571 0.592857143 0.942857143 0.204285714 0.402857143
 [201] 0.191428571 0.571428571 0.322857143 0.230000000 0.677142857
 [206] 0.471428571 0.335714286 0.412857143 0.301428571 0.552857143
 [211] 0.810000000 0.915714286 0.955714286 0.814285714 0.997142857
 [216] 0.517142857 0.531428571 0.242857143 0.370000000 0.542857143
 [221] 0.497142857 0.445714286 0.877142857 0.511428571 0.222857143
 [226] 0.781428571 0.334285714 0.300000000 0.997142857 0.520000000
 [231] 0.831428571 0.031428571 0.588571429 0.784285714 0.210000000
 [236] 0.282857143 0.045714286 0.081428571 0.988571429 0.818571429
 [241] 0.344285714 0.731428571 0.454285714 0.071428571 0.577142857
 [246] 0.935714286 0.327142857 0.275714286 0.311428571 0.525714286
 [251] 0.591428571 0.317142857 0.051428571 0.597142857 0.374285714
 [256] 0.382857143 0.310000000 0.621428571 0.295714286 0.600000000
 [261] 0.625714286 0.958571429 0.557142857 0.281428571 0.450000000
 [266] 0.382857143 0.962857143 0.121428571 0.097142857 0.977142857
 [271] 0.922857143 0.544285714 0.237142857 0.897142857 0.452857143
 [276] 0.607142857 0.572857143 0.604285714 0.177142857 0.727142857
 [281] 0.670000000 0.258571429 0.471428571 0.147142857 0.211428571
 [286] 0.440000000 0.320000000 0.108571429 0.147142857 0.555714286
 [291] 0.668571429 0.857142857 0.375714286 0.692857143 0.850000000
 [296] 0.915714286 0.695714286 0.947142857 0.562857143 0.070000000
 [301] 0.935714286 0.571428571 0.351428571 0.018571429 0.920000000
 [306] 0.537142857 0.660000000 0.791428571 0.992857143 0.962857143
 [311] 0.554285714 0.407142857 0.888571429 0.241428571 0.484285714
 [316] 0.710000000 0.350000000 0.265714286 0.168571429 0.915714286
 [321] 0.335714286 0.430000000 0.990000000 0.968571429 0.750000000
 [326] 0.214285714 0.887142857 0.207142857 0.302857143 0.075714286
 [331] 0.741428571 0.134285714 0.842857143 0.247142857 0.954285714
 [336] 0.390000000 0.988571429 0.525714286 0.492857143 0.337142857
 [341] 0.808571429 0.205714286 0.008571429 0.685714286 0.820000000
 [346] 0.877142857 0.457142857 0.542857143 0.821428571 0.477142857
 [351] 0.352857143 0.148571429 0.420000000 0.897142857 0.660000000
 [356] 0.198571429 0.392857143 0.837142857 0.600000000 0.631428571
 [361] 0.940000000 0.390000000 0.238571429 0.772857143 0.804285714
 [366] 0.814285714 0.595714286 0.450000000 0.741428571 0.354285714
 [371] 0.600000000 0.135714286 0.711428571 0.307142857 0.078571429
 [376] 0.444285714 0.464285714 0.585714286 0.721428571 0.215714286
 [381] 0.015714286 0.304285714 0.668571429 0.582857143 0.512857143
 [386] 0.554285714 0.572857143 0.570000000 0.497142857 0.157142857
 [391] 0.614285714 0.864285714 0.587142857 0.198571429 0.730000000
 [396] 0.860000000 0.634285714 0.468571429 0.238571429 0.504285714
 [401] 0.998571429 0.252857143 0.212857143 0.882857143 0.490000000
 [406] 0.040000000 0.897142857 0.237142857 0.971428571 0.631428571
 [411] 0.040000000 0.855714286 0.780000000 0.728571429 0.404285714
 [416] 0.464285714 0.392857143 0.085714286 0.570000000 0.794285714
 [421] 0.300000000 0.750000000 0.967142857 0.922857143 0.231428571
 [426] 0.404285714 0.482857143 0.841428571 0.887142857 0.995714286
 [431] 0.927142857 0.110000000 0.597142857 0.624285714 0.612857143
 [436] 0.740000000 0.987142857 0.022857143 0.972857143 0.390000000
 [441] 0.735714286 0.425714286 0.444285714 0.780000000 0.828571429
 [446] 0.022857143 0.938571429 0.000000000 0.880000000 0.131428571
 [451] 0.815714286 0.940000000 0.844285714 0.982857143 0.394285714
 [456] 0.748571429 0.602857143 0.978571429 0.782857143 0.387142857
 [461] 0.171428571 0.745714286 0.072857143 0.212857143 0.528571429
 [466] 0.877142857 0.101428571 0.497142857 0.631428571 0.784285714
 [471] 0.218571429 0.521428571 0.707142857 0.125714286 0.288571429
 [476] 0.230000000 0.392857143 0.394285714 0.271428571 0.798571429
 [481] 0.935714286 0.347142857 0.237142857 0.271428571 0.535714286
 [486] 0.614285714 0.055714286 0.574285714 0.872857143 0.535714286
 [491] 0.530000000 0.042857143 0.522857143 0.194285714 0.220000000
 [496] 0.917142857 0.254285714 0.747142857 0.578571429 0.640000000
 [501] 0.465714286 0.327142857 0.882857143 0.680000000 0.402857143
 [506] 0.885714286 0.887142857 0.234285714 0.847142857 0.608571429
 [511] 0.144285714 0.012857143 0.677142857 0.042857143 0.887142857
 [516] 0.110000000 0.857142857 0.385714286 0.810000000 0.007142857
 [521] 0.295714286 0.780000000 0.980000000 0.125714286 0.001428571
 [526] 0.454285714 0.824285714 0.705714286 0.654285714 0.727142857
 [531] 0.458571429 0.144285714 0.002857143 0.898571429 0.027142857
 [536] 0.982857143 0.474285714 0.588571429 0.571428571 0.091428571
 [541] 0.368571429 0.152857143 0.164285714 0.277142857 0.200000000
 [546] 0.772857143 0.965714286 0.032857143 0.482857143 0.020000000
 [551] 0.604285714 0.277142857 0.475714286 0.747142857 0.115714286
 [556] 0.414285714 0.551428571 0.921428571 0.538571429 0.948571429
 [561] 0.451428571 0.328571429 0.210000000 0.148571429 0.171428571
 [566] 0.411428571 0.035714286 0.884285714 0.045714286 0.742857143
 [571] 0.554285714 0.268571429 0.407142857 0.545714286 0.080000000
 [576] 0.164285714 0.565714286 0.825714286 0.555714286 0.221428571
 [581] 0.407142857 0.457142857 0.570000000 0.184285714 0.114285714
 [586] 0.942857143 0.115714286 0.150000000 0.047142857 0.078571429
 [591] 0.890000000 0.510000000 0.332857143 0.885714286 0.272857143
 [596] 0.892857143 0.962857143 0.775714286 0.841428571 0.077142857
 [601] 0.927142857 0.124285714 0.572857143 0.271428571 0.325714286
 [606] 0.848571429 0.820000000 0.072857143 0.845714286 0.440000000
 [611] 0.272857143 0.677142857 0.365714286 0.867142857 0.680000000
 [616] 0.684285714 0.184285714 0.175714286 0.580000000 0.478571429
 [621] 0.397142857 0.094285714 0.124285714 0.964285714 0.061428571
 [626] 0.084285714 0.885714286 0.294285714 0.725714286 0.991428571
 [631] 0.732857143 0.671428571 0.580000000 0.300000000 0.850000000
 [636] 0.630000000 0.212857143 0.588571429 0.920000000 1.000000000
 [641] 0.035714286 0.212857143 0.602857143 0.675714286 0.245714286
 [646] 0.278571429 0.298571429 0.148571429 0.590000000 0.498571429
 [651] 0.870000000 0.974285714 0.667142857 0.164285714 0.731428571
 [656] 0.920000000 0.761428571 0.064285714 0.975714286 0.032857143
 [661] 0.872857143 0.847142857 0.631428571 0.957142857 0.995714286
 [666] 0.340000000 0.328571429 0.705714286 0.481428571 0.220000000
 [671] 0.945714286 0.791428571 0.031428571 0.730000000 0.990000000
 [676] 0.680000000 0.610000000 0.892857143 0.740000000 0.437142857
 [681] 0.731428571 0.808571429 0.921428571 0.961428571 0.201428571
 [686] 0.077142857 0.128571429 0.861428571 0.044285714 0.808571429
 [691] 0.054285714 0.977142857 0.591428571 0.172857143 0.584285714
 [696] 0.148571429 0.591428571 0.137142857 0.944285714 0.068571429
 [701] 0.202857143 0.871428571 0.974285714 0.482857143 0.271428571
 [706] 0.500000000 0.188571429 0.282857143 0.814285714 0.887142857
 [711] 0.112857143 0.411428571 0.674285714 0.292857143 0.904285714
 [716] 0.047142857 0.858571429 0.578571429 0.608571429 0.384285714
 [721] 0.540000000 0.074285714 0.867142857 0.894285714 0.652857143
 [726] 0.964285714 0.412857143 0.604285714 0.691428571 0.984285714
 [731] 0.312857143 0.515714286 0.315714286 0.582857143 0.255714286
 [736] 0.110000000 0.712857143 0.897142857 0.077142857 0.000000000
 [741] 0.540000000 0.010000000 0.482857143 0.488571429 0.068571429
 [746] 0.545714286 0.860000000 0.538571429 0.982857143 0.682857143
 [751] 0.810000000 0.045714286 0.457142857 0.052857143 0.752857143
 [756] 0.881428571 0.598571429 0.592857143 0.231428571 0.707142857
 [761] 0.155714286 0.645714286 0.545714286 0.257142857 0.224285714
 [766] 0.541428571 0.212857143 0.645714286 0.671428571 0.602857143
 [771] 0.350000000 0.425714286 0.525714286 0.748571429 0.390000000
 [776] 0.692857143 0.482857143 0.011428571 0.630000000 0.767142857
 [781] 0.191428571 0.007142857 0.811428571 0.305714286 0.938571429
 [786] 0.507142857 0.091428571 0.634285714 0.320000000 0.912857143
 [791] 0.321428571 0.992857143 0.415714286 0.241428571 0.294285714
 [796] 0.222857143 0.695714286 0.994285714 0.725714286 0.320000000
 [801] 0.000000000 0.491428571 0.838571429 0.582857143 0.760000000
 [806] 0.060000000 0.088571429 0.162857143 0.224285714 0.668571429
 [811] 0.884285714 0.294285714 0.118571429 0.982857143 0.037142857
 [816] 0.398571429 0.224285714 0.111428571 0.201428571 0.485714286
 [821] 0.684285714 0.117142857 0.801428571 0.071428571 0.684285714
 [826] 0.985714286 0.770000000 0.265714286 0.470000000 0.110000000
 [831] 0.827142857 0.968571429 0.655714286 0.228571429 0.602857143
 [836] 0.165714286 0.388571429 0.411428571 0.014285714 0.817142857
 [841] 0.292857143 0.841428571 0.998571429 0.651428571 0.688571429
 [846] 0.938571429 0.930000000 0.531428571 0.817142857 0.067142857
 [851] 0.280000000 0.145714286 0.665714286 0.280000000 0.171428571
 [856] 0.147142857 0.610000000 0.314285714 0.671428571 0.360000000
 [861] 0.805714286 0.908571429 0.278571429 0.454285714 0.448571429
 [866] 0.285714286 0.175714286 0.327142857 0.744285714 0.015714286
 [871] 0.931428571 0.724285714 0.214285714 0.584285714 0.062857143
 [876] 0.104285714 0.884285714 0.120000000 0.990000000 0.810000000
 [881] 0.140000000 0.180000000 0.597142857 0.425714286 0.325714286
 [886] 0.952857143 0.581428571 0.791428571 0.132857143 0.241428571
 [891] 0.914285714 0.218571429 0.371428571 0.507142857 0.262857143
 [896] 0.551428571 0.567142857 0.700000000 0.255714286 0.678571429
 [901] 0.072857143 0.587142857 0.181428571 0.878571429 0.557142857
 [906] 0.874285714 0.565714286 0.337142857 0.638571429 0.062857143
 [911] 0.100000000 0.714285714 0.397142857 0.800000000 0.287142857
 [916] 0.395714286 0.261428571 0.865714286 0.357142857 0.564285714
 [921] 0.094285714 0.172857143 0.482857143 0.237142857 0.118571429
 [926] 0.972857143 0.854285714 0.794285714 0.552857143 0.448571429
 [931] 0.012857143 0.121428571 0.397142857 0.727142857 0.358571429
 [936] 0.332857143 0.555714286 0.452857143 0.722857143 0.598571429
 [941] 0.124285714 0.757142857 0.488571429 1.000000000 0.757142857
 [946] 0.277142857 0.697142857 0.098571429 0.827142857 0.567142857
 [951] 0.855714286 0.845714286 0.267142857 0.642857143 0.825714286
 [956] 0.682857143 0.360000000 0.912857143 0.502857143 0.040000000
 [961] 0.328571429 0.155714286 0.374285714 0.918571429 0.448571429
 [966] 0.811428571 0.754285714 0.627142857 0.751428571 0.381428571
 [971] 0.595714286 0.650000000 0.178571429 0.064285714 0.195714286
 [976] 0.495714286 0.662857143 0.957142857 0.771428571 0.757142857
 [981] 0.291428571 0.460000000 0.052857143 0.572857143 0.145714286
 [986] 0.631428571 0.002857143 0.477142857 0.124285714 0.674285714
 [991] 0.754285714 0.770000000 0.637142857 0.318571429 0.364285714
 [996] 0.927142857 0.257142857 0.301428571 0.075714286 0.868571429


> print("PowerL")
[1] "PowerL"
> print(PowerL)
[1] 0.053
> print("PowerF")
[1] "PowerF"
> print(PowerF)
[1] 0.047


