> pLValues
   [1] 0.542857143 0.517142857 0.178571429 0.484285714
   [5] 0.195714286 0.938571429 0.907142857 0.868571429
   [9] 0.430000000 0.170000000 0.327142857 0.565714286
  [13] 0.312857143 0.795714286 0.584285714 0.574285714
  [17] 0.744285714 0.388571429 0.968571429 0.490000000
  [21] 0.601428571 0.435714286 0.874285714 0.578571429
  [25] 0.751428571 0.058571429 0.491428571 0.624285714
  [29] 0.974285714 0.180000000 0.541428571 0.988571429
  [33] 0.234285714 0.678571429 0.001428571 0.014285714
  [37] 0.891428571 0.654285714 0.857142857 0.108571429
  [41] 0.281428571 0.612857143 0.527142857 0.751428571
  [45] 0.621428571 0.292857143 0.217142857 0.765714286
  [49] 0.937142857 0.004285714 0.490000000 0.934285714
  [53] 0.997142857 0.065714286 0.738571429 0.357142857
  [57] 0.725714286 0.382857143 0.937142857 0.640000000
  [61] 0.098571429 0.247142857 0.388571429 0.452857143
  [65] 0.092857143 0.721428571 0.170000000 0.585714286
  [69] 0.552857143 0.457142857 0.974285714 0.445714286
  [73] 0.865714286 0.812857143 0.375714286 0.680000000
  [77] 0.337142857 0.954285714 0.717142857 0.665714286
  [81] 0.720000000 0.224285714 0.485714286 0.925714286
  [85] 0.874285714 0.540000000 0.725714286 0.198571429
  [89] 0.487142857 0.587142857 0.700000000 0.317142857
  [93] 0.542857143 0.615714286 0.785714286 0.545714286
  [97] 0.631428571 0.018571429 0.121428571 0.377142857
 [101] 0.748571429 0.775714286 0.074285714 0.221428571
 [105] 0.958571429 0.018571429 0.292857143 0.420000000
 [109] 0.820000000 0.140000000 0.202857143 0.312857143
 [113] 0.018571429 0.701428571 0.950000000 0.288571429
 [117] 0.718571429 0.007142857 0.947142857 0.992857143
 [121] 0.704285714 0.574285714 0.508571429 0.942857143
 [125] 0.500000000 0.977142857 0.805714286 0.294285714
 [129] 0.105714286 0.332857143 0.912857143 0.768571429
 [133] 0.254285714 0.507142857 0.462857143 0.561428571
 [137] 0.570000000 0.244285714 0.362857143 0.731428571
 [141] 0.050000000 0.185714286 0.358571429 0.805714286
 [145] 0.951428571 0.804285714 0.277142857 0.637142857
 [149] 0.048571429 0.110000000 0.751428571 0.970000000
 [153] 0.072857143 0.597142857 0.722857143 0.300000000
 [157] 0.111428571 0.922857143 0.558571429 0.021428571
 [161] 0.140000000 0.817142857 0.944285714 0.987142857
 [165] 0.507142857 0.271428571 0.327142857 0.568571429
 [169] 0.758571429 0.302857143 0.758571429 0.804285714
 [173] 0.131428571 0.134285714 0.104285714 0.845714286
 [177] 0.838571429 0.302857143 0.331428571 0.801428571
 [181] 0.025714286 0.378571429 0.854285714 0.411428571
 [185] 0.205714286 0.720000000 0.722857143 0.921428571
 [189] 0.480000000 0.885714286 0.161428571 0.668571429
 [193] 0.418571429 0.302857143 0.550000000 0.524285714
 [197] 0.147142857 0.602857143 0.315714286 0.372857143
 [201] 0.191428571 0.925714286 0.997142857 0.150000000
 [205] 0.330000000 0.664285714 0.822857143 0.277142857
 [209] 0.217142857 0.025714286 0.161428571 0.220000000
 [213] 0.675714286 0.675714286 0.232857143 0.631428571
 [217] 0.552857143 0.241428571 0.577142857 0.212857143
 [221] 0.727142857 0.784285714 0.945714286 0.660000000
 [225] 0.790000000 0.915714286 0.172857143 0.461428571
 [229] 0.511428571 0.502857143 0.374285714 0.214285714
 [233] 0.812857143 0.270000000 0.664285714 0.121428571
 [237] 0.735714286 0.490000000 0.038571429 0.901428571
 [241] 0.194285714 0.117142857 0.531428571 0.768571429
 [245] 0.055714286 0.754285714 0.921428571 0.940000000
 [249] 0.241428571 0.772857143 0.020000000 0.332857143
 [253] 0.357142857 0.132857143 0.347142857 0.535714286
 [257] 0.768571429 0.164285714 0.074285714 0.262857143
 [261] 0.250000000 0.878571429 0.491428571 0.314285714
 [265] 0.955714286 0.894285714 0.838571429 0.647142857
 [269] 0.945714286 0.205714286 0.498571429 0.758571429
 [273] 0.330000000 0.955714286 0.830000000 0.844285714
 [277] 0.034285714 0.747142857 0.932857143 0.638571429
 [281] 0.680000000 0.947142857 0.890000000 0.972857143
 [285] 0.780000000 0.355714286 0.501428571 0.471428571
 [289] 0.600000000 0.764285714 0.491428571 0.024285714
 [293] 0.068571429 0.922857143 0.911428571 0.935714286
 [297] 0.357142857 0.998571429 0.527142857 0.427142857
 [301] 0.860000000 0.924285714 0.902857143 0.860000000
 [305] 0.012857143 0.037142857 0.511428571 0.461428571
 [309] 0.852857143 0.228571429 0.422857143 0.024285714
 [313] 0.824285714 0.782857143 0.922857143 0.892857143
 [317] 0.304285714 0.401428571 0.384285714 0.732857143
 [321] 0.327142857 0.995714286 0.474285714 0.290000000
 [325] 0.064285714 0.828571429 0.554285714 0.837142857
 [329] 0.052857143 0.602857143 0.852857143 0.870000000
 [333] 0.987142857 0.201428571 0.302857143 0.324285714
 [337] 0.217142857 0.494285714 0.204285714 0.887142857
 [341] 0.802857143 0.128571429 0.347142857 0.620000000
 [345] 0.034285714 0.115714286 0.600000000 0.484285714
 [349] 0.157142857 0.830000000 0.272857143 0.248571429
 [353] 0.022857143 0.224285714 0.174285714 0.592857143
 [357] 0.087142857 0.234285714 0.825714286 0.700000000
 [361] 0.880000000 0.782857143 0.988571429 0.022857143
 [365] 0.667142857 0.791428571 0.537142857 0.401428571
 [369] 0.437142857 0.004285714 0.468571429 0.225714286
 [373] 0.658571429 0.481428571 0.448571429 0.327142857
 [377] 0.195714286 0.857142857 0.255714286 0.578571429
 [381] 0.390000000 0.798571429 0.577142857 0.765714286
 [385] 0.557142857 0.841428571 0.544285714 0.594285714
 [389] 0.810000000 0.692857143 0.398571429 0.904285714
 [393] 0.478571429 0.224285714 0.785714286 0.344285714
 [397] 0.442857143 0.320000000 0.888571429 0.698571429
 [401] 0.132857143 0.181428571 0.840000000 0.822857143
 [405] 0.861428571 0.152857143 0.502857143 0.167142857
 [409] 0.688571429 0.515714286 0.471428571 0.485714286
 [413] 0.394285714 0.554285714 0.861428571 0.627142857
 [417] 0.837142857 0.258571429 0.142857143 0.984285714
 [421] 0.721428571 0.140000000 0.111428571 0.778571429
 [425] 0.594285714 0.061428571 0.941428571 0.572857143
 [429] 0.267142857 0.617142857 0.320000000 0.974285714
 [433] 0.748571429 0.191428571 0.638571429 0.050000000
 [437] 0.660000000 0.912857143 0.372857143 0.748571429
 [441] 0.674285714 0.848571429 0.925714286 0.485714286
 [445] 0.288571429 0.787142857 0.587142857 0.025714286
 [449] 0.888571429 0.248571429 0.025714286 0.481428571
 [453] 0.251428571 0.740000000 0.295714286 0.011428571
 [457] 0.901428571 0.757142857 0.148571429 0.155714286
 [461] 0.810000000 0.735714286 0.337142857 0.155714286
 [465] 0.144285714 0.034285714 0.600000000 0.370000000
 [469] 0.551428571 0.891428571 0.987142857 0.491428571
 [473] 0.298571429 0.062857143 0.020000000 0.827142857
 [477] 0.388571429 0.210000000 0.075714286 0.492857143
 [481] 0.410000000 0.444285714 0.074285714 0.508571429
 [485] 0.542857143 0.687142857 0.680000000 0.828571429
 [489] 0.804285714 0.322857143 0.412857143 0.745714286
 [493] 0.728571429 0.321428571 0.865714286 0.512857143
 [497] 0.562857143 0.702857143 0.930000000 0.491428571
 [501] 0.271428571 0.341428571 0.318571429 0.967142857
 [505] 0.831428571 0.240000000 0.807142857 0.221428571
 [509] 0.264285714 0.481428571 0.408571429 0.755714286
 [513] 0.855714286 0.338571429 0.981428571 0.594285714
 [517] 0.671428571 0.390000000 0.057142857 0.281428571
 [521] 0.451428571 0.711428571 0.862857143 0.292857143
 [525] 0.274285714 0.340000000 0.068571429 0.082857143
 [529] 0.265714286 0.041428571 0.222857143 0.075714286
 [533] 0.287142857 0.380000000 0.045714286 0.187142857
 [537] 0.282857143 0.282857143 0.980000000 0.871428571
 [541] 0.800000000 0.177142857 0.847142857 0.190000000
 [545] 0.988571429 0.877142857 0.115714286 0.725714286
 [549] 0.011428571 0.234285714 0.618571429 0.144285714
 [553] 0.724285714 0.582857143 0.154285714 0.970000000
 [557] 0.547142857 0.678571429 0.462857143 0.945714286
 [561] 0.557142857 0.390000000 0.344285714 0.318571429
 [565] 0.190000000 0.761428571 0.718571429 0.850000000
 [569] 0.882857143 0.535714286 0.480000000 0.142857143
 [573] 0.044285714 0.010000000 0.410000000 0.320000000
 [577] 0.442857143 0.654285714 0.001428571 0.771428571
 [581] 0.554285714 0.254285714 0.335714286 0.011428571
 [585] 0.825714286 0.105714286 0.588571429 0.647142857
 [589] 0.407142857 0.932857143 0.620000000 0.600000000
 [593] 0.660000000 0.405714286 0.792857143 0.922857143
 [597] 0.764285714 0.304285714 0.082857143 0.425714286
 [601] 0.134285714 0.244285714 0.735714286 0.668571429
 [605] 0.107142857 0.854285714 0.162857143 0.788571429
 [609] 0.825714286 0.472857143 0.091428571 0.045714286
 [613] 0.461428571 0.601428571 0.691428571 0.464285714
 [617] 0.501428571 0.277142857 0.882857143 0.558571429
 [621] 0.851428571 0.214285714 0.467142857 0.044285714
 [625] 0.778571429 0.668571429 0.087142857 0.495714286
 [629] 0.902857143 0.814285714 0.102857143 0.001428571
 [633] 0.658571429 0.528571429 0.697142857 0.782857143
 [637] 0.515714286 0.558571429 0.570000000 0.971428571
 [641] 0.241428571 0.137142857 0.631428571 0.020000000
 [645] 0.768571429 0.195714286 0.305714286 0.308571429
 [649] 0.432857143 0.214285714 0.282857143 0.087142857
 [653] 0.840000000 0.590000000 0.194285714 0.755714286
 [657] 0.021428571 0.431428571 0.025714286 0.668571429
 [661] 0.330000000 0.854285714 0.380000000 0.515714286
 [665] 0.990000000 0.117142857 0.710000000 0.877142857
 [669] 0.691428571 0.444285714 0.638571429 0.121428571
 [673] 0.212857143 0.170000000 0.344285714 0.815714286
 [677] 0.572857143 0.697142857 0.764285714 0.107142857
 [681] 0.660000000 0.678571429 0.487142857 0.120000000
 [685] 0.695714286 0.371428571 0.874285714 0.084285714
 [689] 0.940000000 0.640000000 0.691428571 0.024285714
 [693] 0.688571429 0.515714286 0.331428571 0.404285714
 [697] 0.618571429 0.811428571 0.100000000 0.072857143
 [701] 0.750000000 0.352857143 0.498571429 0.590000000
 [705] 0.988571429 0.762857143 0.255714286 0.832857143
 [709] 0.112857143 0.641428571 0.917142857 0.700000000
 [713] 0.540000000 0.992857143 0.582857143 0.280000000
 [717] 0.362857143 0.234285714 0.131428571 0.022857143
 [721] 0.792857143 0.737142857 0.111428571 0.691428571
 [725] 0.827142857 0.291428571 0.608571429 0.690000000
 [729] 0.222857143 0.611428571 0.967142857 0.040000000
 [733] 0.230000000 0.284285714 0.198571429 0.341428571
 [737] 0.208571429 0.851428571 0.677142857 0.195714286
 [741] 0.591428571 0.451428571 0.775714286 0.977142857
 [745] 0.061428571 0.158571429 0.378571429 0.111428571
 [749] 0.602857143 0.498571429 0.150000000 0.335714286
 [753] 0.251428571 0.814285714 0.220000000 0.358571429
 [757] 0.845714286 0.451428571 0.121428571 0.357142857
 [761] 0.721428571 0.462857143 0.975714286 0.207142857
 [765] 0.294285714 0.505714286 0.644285714 0.457142857
 [769] 0.468571429 0.944285714 0.377142857 0.147142857
 [773] 0.860000000 0.040000000 0.964285714 0.384285714
 [777] 0.924285714 0.435714286 0.678571429 0.341428571
 [781] 0.940000000 0.308571429 0.830000000 0.162857143
 [785] 0.485714286 0.047142857 0.887142857 0.765714286
 [789] 0.190000000 0.440000000 0.075714286 0.915714286
 [793] 0.577142857 0.404285714 0.111428571 0.341428571
 [797] 0.402857143 0.198571429 0.224285714 0.414285714
 [801] 0.970000000 0.845714286 0.884285714 0.351428571
 [805] 0.867142857 0.402857143 0.497142857 0.362857143
 [809] 0.075714286 0.785714286 0.090000000 0.510000000
 [813] 0.355714286 0.345714286 0.861428571 0.967142857
 [817] 0.672857143 0.332857143 0.435714286 0.202857143
 [821] 0.595714286 0.525714286 0.028571429 0.842857143
 [825] 0.620000000 0.847142857 0.240000000 0.797142857
 [829] 0.532857143 0.651428571 0.960000000 0.012857143
 [833] 0.897142857 0.400000000 0.710000000 0.532857143
 [837] 0.845714286 0.401428571 0.742857143 0.831428571
 [841] 0.397142857 0.370000000 0.817142857 0.012857143
 [845] 0.171428571 0.328571429 0.520000000 0.602857143
 [849] 0.507142857 0.945714286 0.514285714 0.515714286
 [853] 0.850000000 0.311428571 0.564285714 0.984285714
 [857] 0.970000000 0.688571429 0.011428571 0.118571429
 [861] 0.194285714 0.990000000 0.990000000 0.791428571
 [865] 0.547142857 0.192857143 0.245714286 0.512857143
 [869] 0.362857143 0.191428571 0.874285714 0.610000000
 [873] 0.380000000 0.652857143 0.395714286 0.260000000
 [877] 0.630000000 0.321428571 0.505714286 0.092857143
 [881] 0.535714286 0.362857143 0.872857143 0.800000000
 [885] 0.960000000 0.521428571 0.100000000 0.150000000
 [889] 0.551428571 0.344285714 0.657142857 0.762857143
 [893] 0.805714286 0.275714286 0.967142857 0.962857143
 [897] 0.218571429 0.295714286 0.698571429 0.897142857
 [901] 0.490000000 0.605714286 0.007142857 0.195714286
 [905] 0.942857143 0.538571429 0.710000000 0.930000000
 [909] 0.790000000 0.335714286 0.315714286 0.705714286
 [913] 0.877142857 0.618571429 0.365714286 0.022857143
 [917] 0.287142857 0.448571429 0.355714286 0.201428571
 [921] 0.545714286 0.285714286 0.112857143 0.264285714
 [925] 0.360000000 0.227142857 0.250000000 0.294285714
 [929] 0.591428571 0.400000000 0.362857143 0.965714286
 [933] 0.931428571 0.435714286 0.114285714 0.101428571
 [937] 0.771428571 0.961428571 0.291428571 0.605714286
 [941] 0.744285714 0.951428571 0.761428571 0.782857143
 [945] 0.350000000 0.201428571 0.141428571 0.362857143
 [949] 0.457142857 0.917142857 0.320000000 0.044285714
 [953] 0.608571429 0.062857143 0.498571429 0.222857143
 [957] 0.834285714 0.865714286 0.860000000 0.887142857
 [961] 0.828571429 0.127142857 0.872857143 0.170000000
 [965] 0.415714286 0.370000000 0.958571429 0.235714286
 [969] 0.015714286 0.298571429 0.364285714 0.804285714
 [973] 0.802857143 0.504285714 0.885714286 0.591428571
 [977] 0.887142857 0.268571429 0.157142857 0.004285714
 [981] 0.218571429 0.364285714 0.138571429 0.902857143
 [985] 0.152857143 0.080000000 0.940000000 0.090000000
 [989] 0.910000000 0.242857143 0.084285714 0.145714286
 [993] 0.084285714 0.714285714 0.142857143 0.395714286
 [997] 0.884285714 0.575714286 0.965714286 0.094285714

> pFValues
   [1] 0.498571429 0.465714286 0.121428571 0.518571429
   [5] 0.068571429 0.967142857 0.891428571 0.757142857
   [9] 0.190000000 0.165714286 0.228571429 0.605714286
  [13] 0.210000000 0.661428571 0.844285714 0.230000000
  [17] 0.747142857 0.447142857 0.965714286 0.400000000
  [21] 0.547142857 0.444285714 0.798571429 0.374285714
  [25] 0.631428571 0.108571429 0.434285714 0.510000000
  [29] 0.968571429 0.271428571 0.568571429 0.984285714
  [33] 0.674285714 0.557142857 0.014285714 0.018571429
  [37] 0.891428571 0.471428571 0.894285714 0.057142857
  [41] 0.157142857 0.494285714 0.722857143 0.777142857
  [45] 0.487142857 0.295714286 0.097142857 0.737142857
  [49] 0.920000000 0.001428571 0.431428571 0.908571429
  [53] 0.997142857 0.034285714 0.704285714 0.311428571
  [57] 0.604285714 0.455714286 0.918571429 0.821428571
  [61] 0.067142857 0.540000000 0.684285714 0.438571429
  [65] 0.140000000 0.647142857 0.251428571 0.532857143
  [69] 0.652857143 0.318571429 0.951428571 0.511428571
  [73] 0.954285714 0.858571429 0.755714286 0.482857143
  [77] 0.504285714 0.958571429 0.751428571 0.631428571
  [81] 0.732857143 0.480000000 0.498571429 0.928571429
  [85] 0.911428571 0.537142857 0.504285714 0.172857143
  [89] 0.620000000 0.511428571 0.862857143 0.440000000
  [93] 0.820000000 0.798571429 0.740000000 0.445714286
  [97] 0.611428571 0.200000000 0.405714286 0.354285714
 [101] 0.862857143 0.835714286 0.080000000 0.197142857
 [105] 0.950000000 0.034285714 0.174285714 0.614285714
 [109] 0.804285714 0.158571429 0.072857143 0.538571429
 [113] 0.027142857 0.662857143 0.954285714 0.171428571
 [117] 0.754285714 0.028571429 0.932857143 0.990000000
 [121] 0.620000000 0.417142857 0.340000000 0.982857143
 [125] 0.467142857 0.975714286 0.810000000 0.481428571
 [129] 0.104285714 0.228571429 0.914285714 0.777142857
 [133] 0.387142857 0.367142857 0.458571429 0.654285714
 [137] 0.642857143 0.110000000 0.468571429 0.700000000
 [141] 0.067142857 0.257142857 0.377142857 0.755714286
 [145] 0.925714286 0.804285714 0.268571429 0.740000000
 [149] 0.134285714 0.524285714 0.631428571 0.837142857
 [153] 0.108571429 0.824285714 0.661428571 0.184285714
 [157] 0.034285714 0.925714286 0.442857143 0.012857143
 [161] 0.161428571 0.752857143 0.945714286 0.995714286
 [165] 0.417142857 0.422857143 0.138571429 0.500000000
 [169] 0.824285714 0.430000000 0.630000000 0.807142857
 [173] 0.038571429 0.161428571 0.040000000 0.802857143
 [177] 0.697142857 0.288571429 0.377142857 0.765714286
 [181] 0.128571429 0.190000000 0.842857143 0.278571429
 [185] 0.182857143 0.584285714 0.470000000 0.922857143
 [189] 0.458571429 0.881428571 0.204285714 0.647142857
 [193] 0.235714286 0.574285714 0.515714286 0.705714286
 [197] 0.407142857 0.321428571 0.598571429 0.237142857
 [201] 0.491428571 0.914285714 0.998571429 0.155714286
 [205] 0.301428571 0.532857143 0.958571429 0.302857143
 [209] 0.111428571 0.070000000 0.027142857 0.324285714
 [213] 0.598571429 0.671428571 0.430000000 0.462857143
 [217] 0.541428571 0.065714286 0.440000000 0.044285714
 [221] 0.755714286 0.668571429 0.935714286 0.624285714
 [225] 0.754285714 0.894285714 0.088571429 0.538571429
 [229] 0.632857143 0.498571429 0.434285714 0.104285714
 [233] 0.820000000 0.170000000 0.795714286 0.035714286
 [237] 0.730000000 0.501428571 0.041428571 0.791428571
 [241] 0.275714286 0.065714286 0.388571429 0.778571429
 [245] 0.020000000 0.947142857 0.920000000 0.938571429
 [249] 0.267142857 0.734285714 0.027142857 0.302857143
 [253] 0.425714286 0.110000000 0.298571429 0.602857143
 [257] 0.922857143 0.037142857 0.158571429 0.064285714
 [261] 0.124285714 0.841428571 0.390000000 0.324285714
 [265] 0.965714286 0.908571429 0.820000000 0.578571429
 [269] 0.944285714 0.145714286 0.507142857 0.542857143
 [273] 0.148571429 0.958571429 0.857142857 0.831428571
 [277] 0.095714286 0.717142857 0.935714286 0.577142857
 [281] 0.865714286 0.971428571 0.947142857 0.970000000
 [285] 0.780000000 0.204285714 0.470000000 0.420000000
 [289] 0.631428571 0.791428571 0.320000000 0.065714286
 [293] 0.030000000 0.944285714 0.907142857 0.975714286
 [297] 0.147142857 0.994285714 0.567142857 0.562857143
 [301] 0.868571429 0.917142857 0.914285714 0.847142857
 [305] 0.020000000 0.037142857 0.642857143 0.440000000
 [309] 0.787142857 0.227142857 0.477142857 0.061428571
 [313] 0.757142857 0.794285714 0.914285714 0.895714286
 [317] 0.115714286 0.294285714 0.207142857 0.727142857
 [321] 0.262857143 0.995714286 0.301428571 0.388571429
 [325] 0.074285714 0.894285714 0.614285714 0.832857143
 [329] 0.055714286 0.605714286 0.885714286 0.842857143
 [333] 0.987142857 0.321428571 0.302857143 0.241428571
 [337] 0.304285714 0.530000000 0.338571429 0.887142857
 [341] 0.790000000 0.584285714 0.307142857 0.621428571
 [345] 0.014285714 0.195714286 0.274285714 0.557142857
 [349] 0.378571429 0.912857143 0.217142857 0.208571429
 [353] 0.058571429 0.261428571 0.135714286 0.510000000
 [357] 0.021428571 0.185714286 0.724285714 0.757142857
 [361] 0.815714286 0.767142857 0.975714286 0.017142857
 [365] 0.511428571 0.724285714 0.395714286 0.804285714
 [369] 0.407142857 0.068571429 0.175714286 0.671428571
 [373] 0.610000000 0.310000000 0.492857143 0.692857143
 [377] 0.280000000 0.891428571 0.557142857 0.655714286
 [381] 0.300000000 0.820000000 0.692857143 0.645714286
 [385] 0.592857143 0.814285714 0.755714286 0.441428571
 [389] 0.815714286 0.607142857 0.597142857 0.914285714
 [393] 0.391428571 0.322857143 0.727142857 0.581428571
 [397] 0.331428571 0.157142857 0.880000000 0.650000000
 [401] 0.031428571 0.185714286 0.920000000 0.877142857
 [405] 0.851428571 0.500000000 0.388571429 0.255714286
 [409] 0.805714286 0.658571429 0.571428571 0.395714286
 [413] 0.177142857 0.645714286 0.848571429 0.700000000
 [417] 0.804285714 0.255714286 0.130000000 0.981428571
 [421] 0.935714286 0.125714286 0.151428571 0.784285714
 [425] 0.361428571 0.397142857 0.891428571 0.747142857
 [429] 0.351428571 0.600000000 0.435714286 0.967142857
 [433] 0.795714286 0.204285714 0.637142857 0.047142857
 [437] 0.562857143 0.900000000 0.220000000 0.718571429
 [441] 0.657142857 0.834285714 0.930000000 0.400000000
 [445] 0.461428571 0.874285714 0.590000000 0.005714286
 [449] 0.884285714 0.272857143 0.012857143 0.235714286
 [453] 0.242857143 0.725714286 0.068571429 0.032857143
 [457] 0.898571429 0.677142857 0.238571429 0.044285714
 [461] 0.820000000 0.847142857 0.275714286 0.225714286
 [465] 0.138571429 0.007142857 0.618571429 0.548571429
 [469] 0.524285714 0.888571429 0.992857143 0.260000000
 [473] 0.262857143 0.035714286 0.035714286 0.808571429
 [477] 0.662857143 0.410000000 0.024285714 0.492857143
 [481] 0.350000000 0.654285714 0.388571429 0.474285714
 [485] 0.460000000 0.758571429 0.985714286 0.788571429
 [489] 0.788571429 0.265714286 0.311428571 0.710000000
 [493] 0.535714286 0.281428571 0.841428571 0.368571429
 [497] 0.771428571 0.747142857 0.930000000 0.294285714
 [501] 0.195714286 0.500000000 0.258571429 0.962857143
 [505] 0.830000000 0.207142857 0.730000000 0.228571429
 [509] 0.172857143 0.580000000 0.482857143 0.537142857
 [513] 0.868571429 0.220000000 0.980000000 0.574285714
 [517] 0.570000000 0.468571429 0.067142857 0.052857143
 [521] 0.668571429 0.710000000 0.651428571 0.374285714
 [525] 0.315714286 0.444285714 0.054285714 0.078571429
 [529] 0.497142857 0.231428571 0.084285714 0.134285714
 [533] 0.154285714 0.245714286 0.134285714 0.104285714
 [537] 0.342857143 0.374285714 0.980000000 0.905714286
 [541] 0.788571429 0.197142857 0.862857143 0.225714286
 [545] 0.981428571 0.858571429 0.471428571 0.671428571
 [549] 0.051428571 0.300000000 0.424285714 0.134285714
 [553] 0.535714286 0.571428571 0.040000000 0.934285714
 [557] 0.417142857 0.708571429 0.384285714 0.927142857
 [561] 0.652857143 0.435714286 0.315714286 0.321428571
 [565] 0.085714286 0.747142857 0.680000000 0.884285714
 [569] 0.865714286 0.695714286 0.608571429 0.760000000
 [573] 0.311428571 0.007142857 0.204285714 0.144285714
 [577] 0.351428571 0.562857143 0.005714286 0.718571429
 [581] 0.480000000 0.112857143 0.387142857 0.002857143
 [585] 0.531428571 0.154285714 0.521428571 0.705714286
 [589] 0.528571429 0.845714286 0.515714286 0.440000000
 [593] 0.642857143 0.518571429 0.812857143 0.915714286
 [597] 0.771428571 0.380000000 0.142857143 0.375714286
 [601] 0.108571429 0.334285714 0.758571429 0.664285714
 [605] 0.065714286 0.752857143 0.180000000 0.727142857
 [609] 0.814285714 0.592857143 0.170000000 0.045714286
 [613] 0.470000000 0.552857143 0.668571429 0.614285714
 [617] 0.480000000 0.130000000 0.817142857 0.590000000
 [621] 0.864285714 0.228571429 0.537142857 0.071428571
 [625] 0.762857143 0.732857143 0.084285714 0.250000000
 [629] 0.962857143 0.822857143 0.222857143 0.000000000
 [633] 0.542857143 0.464285714 0.720000000 0.590000000
 [637] 0.597142857 0.715714286 0.487142857 0.968571429
 [641] 0.174285714 0.230000000 0.722857143 0.040000000
 [645] 0.648571429 0.282857143 0.470000000 0.351428571
 [649] 0.868571429 0.241428571 0.201428571 0.582857143
 [653] 0.844285714 0.722857143 0.118571429 0.677142857
 [657] 0.272857143 0.298571429 0.065714286 0.652857143
 [661] 0.341428571 0.832857143 0.315714286 0.442857143
 [665] 0.990000000 0.087142857 0.580000000 0.818571429
 [669] 0.772857143 0.602857143 0.628571429 0.364285714
 [673] 0.114285714 0.070000000 0.357142857 0.798571429
 [677] 0.487142857 0.700000000 0.790000000 0.134285714
 [681] 0.881428571 0.904285714 0.647142857 0.044285714
 [685] 0.868571429 0.352857143 0.865714286 0.134285714
 [689] 0.964285714 0.525714286 0.690000000 0.008571429
 [693] 0.497142857 0.478571429 0.850000000 0.437142857
 [697] 0.431428571 0.898571429 0.045714286 0.372857143
 [701] 0.694285714 0.361428571 0.461428571 0.617142857
 [705] 1.000000000 0.797142857 0.074285714 0.804285714
 [709] 0.300000000 0.571428571 0.894285714 0.705714286
 [713] 0.335714286 0.995714286 0.681428571 0.271428571
 [717] 0.358571429 0.132857143 0.054285714 0.088571429
 [721] 0.772857143 0.801428571 0.140000000 0.761428571
 [725] 0.788571429 0.290000000 0.577142857 0.385714286
 [729] 0.297142857 0.550000000 0.991428571 0.018571429
 [733] 0.128571429 0.195714286 0.212857143 0.535714286
 [737] 0.547142857 0.832857143 0.488571429 0.487142857
 [741] 0.418571429 0.438571429 0.754285714 0.975714286
 [745] 0.040000000 0.107142857 0.475714286 0.228571429
 [749] 0.578571429 0.231428571 0.045714286 0.114285714
 [753] 0.522857143 0.748571429 0.114285714 0.295714286
 [757] 0.772857143 0.687142857 0.038571429 0.334285714
 [761] 0.695714286 0.225714286 0.982857143 0.392857143
 [765] 0.447142857 0.508571429 0.630000000 0.244285714
 [769] 0.371428571 0.950000000 0.424285714 0.105714286
 [773] 0.890000000 0.038571429 0.965714286 0.474285714
 [777] 0.834285714 0.694285714 0.675714286 0.160000000
 [781] 0.921428571 0.288571429 0.835714286 0.060000000
 [785] 0.275714286 0.100000000 0.890000000 0.625714286
 [789] 0.432857143 0.254285714 0.234285714 0.917142857
 [793] 0.494285714 0.504285714 0.041428571 0.312857143
 [797] 0.312857143 0.185714286 0.118571429 0.587142857
 [801] 0.961428571 0.797142857 0.840000000 0.455714286
 [805] 0.934285714 0.607142857 0.432857143 0.135714286
 [809] 0.162857143 0.794285714 0.018571429 0.510000000
 [813] 0.162857143 0.500000000 0.767142857 0.955714286
 [817] 0.720000000 0.322857143 0.281428571 0.245714286
 [821] 0.541428571 0.557142857 0.207142857 0.870000000
 [825] 0.482857143 0.682857143 0.230000000 0.755714286
 [829] 0.797142857 0.615714286 0.977142857 0.007142857
 [833] 0.850000000 0.435714286 0.778571429 0.391428571
 [837] 0.840000000 0.492857143 0.610000000 0.774285714
 [841] 0.207142857 0.124285714 0.834285714 0.060000000
 [845] 0.158571429 0.752857143 0.538571429 0.268571429
 [849] 0.491428571 0.930000000 0.612857143 0.474285714
 [853] 0.845714286 0.258571429 0.531428571 0.982857143
 [857] 0.898571429 0.688571429 0.028571429 0.234285714
 [861] 0.311428571 0.938571429 0.981428571 0.770000000
 [865] 0.688571429 0.222857143 0.351428571 0.262857143
 [869] 0.510000000 0.214285714 0.848571429 0.528571429
 [873] 0.410000000 0.411428571 0.218571429 0.155714286
 [877] 0.588571429 0.378571429 0.470000000 0.431428571
 [881] 0.777142857 0.242857143 0.660000000 0.822857143
 [885] 0.952857143 0.564285714 0.205714286 0.048571429
 [889] 0.468571429 0.221428571 0.702857143 0.810000000
 [893] 0.641428571 0.541428571 0.897142857 0.962857143
 [897] 0.264285714 0.550000000 0.541428571 0.917142857
 [901] 0.478571429 0.745714286 0.005714286 0.201428571
 [905] 0.955714286 0.578571429 0.675714286 0.891428571
 [909] 0.810000000 0.300000000 0.204285714 0.778571429
 [913] 0.874285714 0.681428571 0.368571429 0.261428571
 [917] 0.412857143 0.208571429 0.291428571 0.154285714
 [921] 0.582857143 0.865714286 0.071428571 0.535714286
 [925] 0.737142857 0.157142857 0.094285714 0.474285714
 [929] 0.528571429 0.541428571 0.320000000 0.947142857
 [933] 0.970000000 0.737142857 0.307142857 0.400000000
 [937] 0.618571429 0.964285714 0.311428571 0.507142857
 [941] 0.941428571 0.932857143 0.711428571 0.748571429
 [945] 0.157142857 0.155714286 0.165714286 0.260000000
 [949] 0.440000000 0.807142857 0.425714286 0.028571429
 [953] 0.368571429 0.094285714 0.472857143 0.180000000
 [957] 0.841428571 0.864285714 0.852857143 0.872857143
 [961] 0.727142857 0.345714286 0.872857143 0.137142857
 [965] 0.412857143 0.362857143 0.925714286 0.455714286
 [969] 0.158571429 0.245714286 0.234285714 0.777142857
 [973] 0.764285714 0.335714286 0.882857143 0.418571429
 [977] 0.872857143 0.182857143 0.294285714 0.325714286
 [981] 0.272857143 0.442857143 0.320000000 0.862857143
 [985] 0.051428571 0.041428571 0.798571429 0.088571429
 [989] 0.828571429 0.304285714 0.095714286 0.107142857
 [993] 0.722857143 0.620000000 0.300000000 0.464285714
 [997] 0.710000000 0.611428571 0.942857143 0.098571429

> print("PowerL")
[1] "PowerL"
> print(PowerL)
[1] 0.054
> print("PowerF")
[1] "PowerF"
> print(PowerF)
[1] 0.057