> pLValues
   [1] 0.072857143 0.622857143
   [3] 0.122857143 0.390000000
   [5] 0.270000000 0.437142857
   [7] 0.457142857 0.975714286
   [9] 0.532857143 0.242857143
  [11] 0.815714286 0.675714286
  [13] 0.224285714 0.908571429
  [15] 0.851428571 0.678571429
  [17] 0.675714286 0.942857143
  [19] 0.194285714 0.238571429
  [21] 0.384285714 0.362857143
  [23] 0.394285714 0.932857143
  [25] 0.845714286 0.584285714
  [27] 0.387142857 0.910000000
  [29] 0.811428571 0.834285714
  [31] 0.445714286 0.985714286
  [33] 0.592857143 0.181428571
  [35] 0.950000000 0.291428571
  [37] 0.974285714 0.827142857
  [39] 0.412857143 0.065714286
  [41] 0.732857143 0.022857143
  [43] 0.280000000 0.928571429
  [45] 0.505714286 0.657142857
  [47] 0.285714286 0.748571429
  [49] 0.887142857 0.874285714
  [51] 0.710000000 0.147142857
  [53] 0.145714286 0.301428571
  [55] 0.531428571 0.562857143
  [57] 0.301428571 0.857142857
  [59] 0.132857143 0.731428571
  [61] 0.742857143 0.577142857
  [63] 0.167142857 0.027142857
  [65] 0.737142857 0.098571429
  [67] 0.251428571 0.487142857
  [69] 0.521428571 0.245714286
  [71] 0.690000000 0.637142857
  [73] 0.981428571 0.947142857
  [75] 0.387142857 0.750000000
  [77] 0.247142857 0.574285714
  [79] 0.434285714 0.975714286
  [81] 0.090000000 0.918571429
  [83] 0.335714286 0.351428571
  [85] 0.702857143 0.065714286
  [87] 0.748571429 0.162857143
  [89] 0.157142857 0.268571429
  [91] 0.048571429 0.578571429
  [93] 0.900000000 0.637142857
  [95] 0.377142857 0.481428571
  [97] 0.295714286 0.941428571
  [99] 0.525714286 0.872857143
 [101] 0.121428571 0.578571429
 [103] 0.581428571 0.905714286
 [105] 0.842857143 0.798571429
 [107] 0.970000000 0.240000000
 [109] 0.538571429 0.494285714
 [111] 0.421428571 0.335714286
 [113] 0.694285714 0.128571429
 [115] 0.685714286 0.548571429
 [117] 0.422857143 0.948571429
 [119] 0.092857143 0.018571429
 [121] 0.588571429 0.482857143
 [123] 0.418571429 0.730000000
 [125] 0.105714286 0.600000000
 [127] 0.041428571 0.352857143
 [129] 0.564285714 0.318571429
 [131] 0.052857143 0.634285714
 [133] 0.595714286 0.775714286
 [135] 0.045714286 0.757142857
 [137] 0.142857143 0.318571429
 [139] 0.015714286 0.710000000
 [141] 0.600000000 0.664285714
 [143] 0.144285714 0.850000000
 [145] 0.677142857 0.192857143
 [147] 0.712857143 0.270000000
 [149] 0.437142857 0.001428571
 [151] 0.327142857 0.264285714
 [153] 0.508571429 0.344285714
 [155] 0.405714286 0.127142857
 [157] 0.174285714 0.794285714
 [159] 0.182857143 0.630000000
 [161] 0.027142857 0.025714286
 [163] 0.440000000 0.401428571
 [165] 0.780000000 0.410000000
 [167] 0.244285714 0.142857143
 [169] 0.564285714 0.665714286
 [171] 0.360000000 0.632857143
 [173] 0.238571429 0.977142857
 [175] 0.810000000 0.224285714
 [177] 0.925714286 0.770000000
 [179] 0.182857143 0.062857143
 [181] 0.667142857 0.880000000
 [183] 0.077142857 0.708571429
 [185] 0.492857143 0.805714286
 [187] 0.231428571 0.810000000
 [189] 0.812857143 0.124285714
 [191] 0.195714286 0.288571429
 [193] 0.052857143 0.840000000
 [195] 0.164285714 0.744285714
 [197] 0.625714286 0.510000000
 [199] 0.677142857 0.607142857
 [201] 0.767142857 0.405714286
 [203] 0.474285714 0.964285714
 [205] 0.045714286 0.125714286
 [207] 0.507142857 0.294285714
 [209] 0.952857143 0.274285714
 [211] 0.278571429 0.411428571
 [213] 0.168571429 0.895714286
 [215] 0.448571429 0.442857143
 [217] 0.328571429 0.642857143
 [219] 0.751428571 0.188571429
 [221] 0.907142857 0.322857143
 [223] 0.902857143 0.041428571
 [225] 0.687142857 0.767142857
 [227] 0.004285714 0.572857143
 [229] 0.962857143 0.790000000
 [231] 0.892857143 0.428571429
 [233] 0.275714286 0.001428571
 [235] 0.045714286 0.295714286
 [237] 0.957142857 0.310000000
 [239] 0.951428571 0.160000000
 [241] 0.641428571 0.407142857
 [243] 0.041428571 0.814285714
 [245] 0.047142857 0.034285714
 [247] 0.375714286 0.307142857
 [249] 0.460000000 0.518571429
 [251] 0.194285714 0.492857143
 [253] 0.455714286 0.190000000
 [255] 0.924285714 0.430000000
 [257] 0.905714286 0.001428571
 [259] 0.758571429 0.072857143
 [261] 0.465714286 0.967142857
 [263] 0.185714286 0.542857143
 [265] 0.832857143 0.524285714
 [267] 0.617142857 0.871428571
 [269] 0.091428571 0.834285714
 [271] 0.528571429 0.404285714
 [273] 0.427142857 0.880000000
 [275] 0.185714286 0.090000000
 [277] 0.251428571 0.224285714
 [279] 0.712857143 0.351428571
 [281] 0.432857143 0.045714286
 [283] 0.582857143 0.710000000
 [285] 0.004285714 0.597142857
 [287] 0.712857143 0.047142857
 [289] 0.657142857 0.541428571
 [291] 0.637142857 0.280000000
 [293] 0.490000000 0.845714286
 [295] 0.385714286 0.448571429
 [297] 0.458571429 0.471428571
 [299] 0.262857143 0.024285714
 [301] 0.880000000 0.127142857
 [303] 0.731428571 0.181428571
 [305] 0.735714286 0.718571429
 [307] 0.735714286 0.462857143
 [309] 0.745714286 0.332857143
 [311] 0.282857143 0.792857143
 [313] 0.638571429 0.971428571
 [315] 0.894285714 0.930000000
 [317] 0.505714286 0.004285714
 [319] 0.304285714 0.065714286
 [321] 0.718571429 0.454285714
 [323] 0.240000000 0.602857143
 [325] 0.398571429 0.041428571
 [327] 0.235714286 0.865714286
 [329] 0.302857143 0.765714286
 [331] 0.991428571 0.808571429
 [333] 0.465714286 0.530000000
 [335] 0.960000000 0.252857143
 [337] 0.271428571 0.310000000
 [339] 0.418571429 0.548571429
 [341] 0.888571429 0.905714286
 [343] 0.478571429 0.968571429
 [345] 0.010000000 0.091428571
 [347] 0.968571429 0.948571429
 [349] 0.547142857 0.804285714
 [351] 0.708571429 0.284285714
 [353] 0.708571429 0.010000000
 [355] 0.975714286 0.462857143
 [357] 0.984285714 0.502857143
 [359] 0.724285714 0.538571429
 [361] 0.430000000 0.882857143
 [363] 0.414285714 0.361428571
 [365] 0.047142857 0.218571429
 [367] 0.377142857 0.105714286
 [369] 0.380000000 0.390000000
 [371] 0.180000000 0.347142857
 [373] 0.650000000 0.854285714
 [375] 0.402857143 0.748571429
 [377] 0.830000000 0.277142857
 [379] 0.684285714 0.734285714
 [381] 0.460000000 0.237142857
 [383] 0.617142857 0.422857143
 [385] 0.490000000 0.054285714
 [387] 0.220000000 0.008571429
 [389] 0.217142857 0.022857143
 [391] 0.898571429 0.331428571
 [393] 0.977142857 0.234285714
 [395] 0.950000000 0.525714286
 [397] 0.367142857 0.555714286
 [399] 0.761428571 0.902857143
 [401] 0.957142857 0.271428571
 [403] 0.031428571 0.154285714
 [405] 0.841428571 0.462857143
 [407] 0.441428571 0.222857143
 [409] 0.877142857 0.611428571
 [411] 0.100000000 0.202857143
 [413] 0.881428571 0.501428571
 [415] 0.098571429 0.858571429
 [417] 0.272857143 0.808571429
 [419] 0.041428571 0.822857143
 [421] 0.612857143 0.472857143
 [423] 0.447142857 0.968571429
 [425] 0.235714286 0.898571429
 [427] 0.932857143 0.414285714
 [429] 0.268571429 0.718571429
 [431] 0.824285714 0.777142857
 [433] 0.977142857 0.828571429
 [435] 0.835714286 0.772857143
 [437] 0.972857143 0.957142857
 [439] 0.832857143 0.877142857
 [441] 0.831428571 0.811428571
 [443] 0.494285714 0.918571429
 [445] 0.090000000 0.117142857
 [447] 0.362857143 0.277142857
 [449] 0.521428571 0.678571429
 [451] 0.855714286 0.268571429
 [453] 0.285714286 0.440000000
 [455] 0.752857143 0.361428571
 [457] 0.272857143 0.584285714
 [459] 0.857142857 0.550000000
 [461] 0.644285714 0.317142857
 [463] 0.750000000 0.528571429
 [465] 0.927142857 0.585714286
 [467] 0.711428571 0.290000000
 [469] 0.752857143 0.304285714
 [471] 0.078571429 0.131428571
 [473] 0.828571429 0.620000000
 [475] 0.180000000 0.047142857
 [477] 0.525714286 0.832857143
 [479] 0.311428571 0.167142857
 [481] 0.071428571 0.840000000
 [483] 0.755714286 0.357142857
 [485] 0.561428571 0.277142857
 [487] 0.357142857 0.585714286
 [489] 0.602857143 0.661428571
 [491] 0.788571429 0.600000000
 [493] 0.928571429 0.097142857
 [495] 0.375714286 0.931428571
 [497] 0.945714286 0.718571429
 [499] 0.610000000 0.244285714
 [501] 0.384285714 0.382857143
 [503] 0.062857143 0.214285714
 [505] 0.715714286 0.670000000
 [507] 0.658571429 0.928571429
 [509] 0.682857143 0.682857143
 [511] 0.560000000 0.638571429
 [513] 0.721428571 0.071428571
 [515] 0.082857143 0.028571429
 [517] 0.518571429 0.097142857
 [519] 0.995714286 0.801428571
 [521] 0.957142857 0.285714286
 [523] 0.675714286 0.388571429
 [525] 0.401428571 0.545714286
 [527] 0.434285714 0.000000000
 [529] 0.342857143 0.721428571
 [531] 0.862857143 0.504285714
 [533] 0.844285714 0.641428571
 [535] 0.302857143 0.822857143
 [537] 0.722857143 0.061428571
 [539] 0.532857143 0.507142857
 [541] 0.515714286 0.248571429
 [543] 0.827142857 0.347142857
 [545] 0.977142857 0.852857143
 [547] 0.351428571 0.668571429
 [549] 0.220000000 0.095714286
 [551] 0.280000000 0.514285714
 [553] 0.782857143 0.342857143
 [555] 0.431428571 0.035714286
 [557] 0.607142857 0.500000000
 [559] 0.450000000 0.845714286
 [561] 0.751428571 0.880000000
 [563] 0.197142857 0.194285714
 [565] 0.004285714 0.888571429
 [567] 0.408571429 0.821428571
 [569] 0.020000000 0.440000000
 [571] 0.811428571 0.764285714
 [573] 0.702857143 0.780000000
 [575] 0.087142857 0.367142857
 [577] 0.131428571 0.244285714
 [579] 0.532857143 0.182857143
 [581] 0.725714286 0.584285714
 [583] 0.132857143 0.265714286
 [585] 0.717142857 0.568571429
 [587] 0.981428571 0.677142857
 [589] 0.998571429 0.372857143
 [591] 0.090000000 0.105714286
 [593] 0.082857143 0.578571429
 [595] 0.948571429 0.514285714
 [597] 0.875714286 0.701428571
 [599] 0.171428571 0.220000000
 [601] 0.735714286 0.772857143
 [603] 0.091428571 0.360000000
 [605] 0.094285714 0.395714286
 [607] 0.658571429 0.720000000
 [609] 0.972857143 0.164285714
 [611] 0.687142857 0.597142857
 [613] 0.174285714 0.310000000
 [615] 0.142857143 0.835714286
 [617] 0.911428571 0.205714286
 [619] 0.197142857 0.352857143
 [621] 0.201428571 0.824285714
 [623] 0.155714286 0.607142857
 [625] 0.905714286 0.952857143
 [627] 0.281428571 0.352857143
 [629] 0.870000000 0.747142857
 [631] 0.840000000 0.931428571
 [633] 0.927142857 0.925714286
 [635] 0.181428571 0.850000000
 [637] 0.161428571 0.878571429
 [639] 0.501428571 0.654285714
 [641] 0.705714286 0.581428571
 [643] 0.265714286 0.960000000
 [645] 0.408571429 0.344285714
 [647] 0.995714286 0.615714286
 [649] 0.401428571 0.238571429
 [651] 0.557142857 0.792857143
 [653] 0.911428571 0.024285714
 [655] 0.581428571 0.307142857
 [657] 0.701428571 0.797142857
 [659] 0.314285714 0.354285714
 [661] 0.971428571 0.967142857
 [663] 0.248571429 0.745714286
 [665] 0.954285714 0.045714286
 [667] 0.517142857 0.542857143
 [669] 0.920000000 0.754285714
 [671] 0.924285714 0.474285714
 [673] 0.901428571 0.670000000
 [675] 0.257142857 0.182857143
 [677] 0.632857143 0.014285714
 [679] 0.410000000 0.061428571
 [681] 0.448571429 0.451428571
 [683] 0.561428571 0.830000000
 [685] 0.872857143 0.598571429
 [687] 0.908571429 0.618571429
 [689] 0.111428571 0.738571429
 [691] 0.477142857 0.254285714
 [693] 0.361428571 0.890000000
 [695] 0.322857143 0.277142857
 [697] 0.177142857 0.345714286
 [699] 0.528571429 0.125714286
 [701] 0.071428571 0.934285714
 [703] 0.532857143 0.768571429
 [705] 0.204285714 0.315714286
 [707] 0.195714286 0.572857143
 [709] 0.982857143 0.712857143
 [711] 0.937142857 0.675714286
 [713] 0.424285714 0.354285714
 [715] 0.702857143 0.588571429
 [717] 0.310000000 0.785714286
 [719] 0.822857143 0.032857143
 [721] 0.691428571 0.334285714
 [723] 0.374285714 0.125714286
 [725] 0.870000000 0.561428571
 [727] 0.647142857 0.762857143
 [729] 0.070000000 0.792857143
 [731] 0.947142857 0.490000000
 [733] 0.482857143 0.715714286
 [735] 0.738571429 0.791428571
 [737] 0.854285714 0.967142857
 [739] 0.784285714 0.765714286
 [741] 0.451428571 0.404285714
 [743] 0.514285714 0.414285714
 [745] 0.405714286 0.604285714
 [747] 0.351428571 0.541428571
 [749] 0.038571429 0.825714286
 [751] 0.558571429 0.774285714
 [753] 0.661428571 0.742857143
 [755] 0.274285714 0.540000000
 [757] 0.390000000 0.302857143
 [759] 0.140000000 0.812857143
 [761] 0.577142857 0.092857143
 [763] 0.415714286 0.912857143
 [765] 0.300000000 0.858571429
 [767] 0.142857143 0.778571429
 [769] 0.525714286 0.757142857
 [771] 0.107142857 0.071428571
 [773] 0.211428571 0.265714286
 [775] 0.024285714 0.331428571
 [777] 0.907142857 0.108571429
 [779] 0.992857143 0.504285714
 [781] 0.161428571 0.762857143
 [783] 0.082857143 0.030000000
 [785] 0.432857143 0.637142857
 [787] 0.331428571 0.892857143
 [789] 0.464285714 0.545714286
 [791] 0.388571429 0.271428571
 [793] 0.012857143 0.741428571
 [795] 0.964285714 0.492857143
 [797] 0.788571429 0.391428571
 [799] 0.854285714 0.681428571
 [801] 0.277142857 0.144285714
 [803] 0.170000000 0.478571429
 [805] 0.662857143 0.945714286
 [807] 0.985714286 0.890000000
 [809] 0.234285714 0.542857143
 [811] 0.205714286 0.072857143
 [813] 0.432857143 0.417142857
 [815] 0.628571429 0.428571429
 [817] 0.097142857 0.450000000
 [819] 0.235714286 0.820000000
 [821] 0.541428571 0.732857143
 [823] 0.832857143 0.391428571
 [825] 0.664285714 0.721428571
 [827] 0.085714286 0.530000000
 [829] 0.455714286 0.248571429
 [831] 0.318571429 0.171428571
 [833] 0.292857143 0.285714286
 [835] 0.482857143 0.854285714
 [837] 0.368571429 0.378571429
 [839] 0.894285714 0.597142857
 [841] 0.500000000 0.721428571
 [843] 0.132857143 0.320000000
 [845] 0.392857143 0.515714286
 [847] 0.892857143 0.202857143
 [849] 0.607142857 0.647142857
 [851] 0.884285714 0.684285714
 [853] 0.178571429 0.881428571
 [855] 0.008571429 0.220000000
 [857] 0.998571429 0.357142857
 [859] 0.430000000 0.001428571
 [861] 0.141428571 0.272857143
 [863] 0.322857143 0.022857143
 [865] 0.692857143 0.377142857
 [867] 0.837142857 0.851428571
 [869] 0.402857143 0.927142857
 [871] 0.080000000 0.850000000
 [873] 0.647142857 0.257142857
 [875] 0.568571429 0.652857143
 [877] 1.000000000 0.357142857
 [879] 0.485714286 0.177142857
 [881] 0.565714286 0.902857143
 [883] 0.045714286 0.757142857
 [885] 0.414285714 0.650000000
 [887] 0.107142857 0.588571429
 [889] 0.914285714 0.288571429
 [891] 0.552857143 0.685714286
 [893] 0.564285714 0.938571429
 [895] 0.315714286 0.575714286
 [897] 0.057142857 0.494285714
 [899] 0.011428571 0.924285714
 [901] 0.275714286 0.922857143
 [903] 0.022857143 0.915714286
 [905] 0.560000000 0.627142857
 [907] 0.862857143 0.871428571
 [909] 0.814285714 0.805714286
 [911] 0.427142857 0.502857143
 [913] 0.055714286 0.697142857
 [915] 0.247142857 0.941428571
 [917] 0.115714286 0.002857143
 [919] 0.831428571 0.080000000
 [921] 0.775714286 0.558571429
 [923] 0.832857143 0.954285714
 [925] 0.590000000 0.581428571
 [927] 0.367142857 0.491428571
 [929] 0.595714286 0.584285714
 [931] 0.101428571 0.197142857
 [933] 0.592857143 0.125714286
 [935] 0.378571429 0.155714286
 [937] 0.830000000 0.614285714
 [939] 0.931428571 0.777142857
 [941] 0.484285714 0.540000000
 [943] 0.345714286 0.832857143
 [945] 0.445714286 0.517142857
 [947] 0.675714286 0.344285714
 [949] 0.218571429 0.645714286
 [951] 0.174285714 0.864285714
 [953] 0.798571429 0.110000000
 [955] 0.010000000 0.248571429
 [957] 0.882857143 0.377142857
 [959] 0.764285714 0.574285714
 [961] 0.198571429 0.751428571
 [963] 0.932857143 0.624285714
 [965] 0.392857143 0.015714286
 [967] 0.878571429 0.304285714
 [969] 0.702857143 0.744285714
 [971] 0.128571429 0.557142857
 [973] 0.260000000 0.012857143
 [975] 0.988571429 0.562857143
 [977] 0.902857143 0.824285714
 [979] 0.430000000 0.520000000
 [981] 0.347142857 0.537142857
 [983] 0.655714286 0.074285714
 [985] 0.021428571 0.155714286
 [987] 0.982857143 0.325714286
 [989] 0.667142857 0.140000000
 [991] 0.161428571 0.101428571
 [993] 0.524285714 0.444285714
 [995] 0.950000000 0.850000000
 [997] 0.961428571 0.512857143
 [999] 0.848571429 0.402857143

> pFValues
   [1] 0.047142857 0.622857143
   [3] 0.080000000 0.371428571
   [5] 0.281428571 0.451428571
   [7] 0.458571429 0.975714286
   [9] 0.512857143 0.267142857
  [11] 0.818571429 0.691428571
  [13] 0.238571429 0.910000000
  [15] 0.850000000 0.652857143
  [17] 0.652857143 0.937142857
  [19] 0.172857143 0.181428571
  [21] 0.320000000 0.387142857
  [23] 0.418571429 0.934285714
  [25] 0.862857143 0.604285714
  [27] 0.395714286 0.910000000
  [29] 0.807142857 0.847142857
  [31] 0.451428571 0.984285714
  [33] 0.594285714 0.267142857
  [35] 0.957142857 0.304285714
  [37] 0.975714286 0.812857143
  [39] 0.470000000 0.054285714
  [41] 0.744285714 0.021428571
  [43] 0.332857143 0.935714286
  [45] 0.570000000 0.624285714
  [47] 0.221428571 0.754285714
  [49] 0.904285714 0.855714286
  [51] 0.758571429 0.141428571
  [53] 0.161428571 0.324285714
  [55] 0.512857143 0.524285714
  [57] 0.304285714 0.865714286
  [59] 0.142857143 0.728571429
  [61] 0.704285714 0.591428571
  [63] 0.158571429 0.075714286
  [65] 0.697142857 0.081428571
  [67] 0.361428571 0.424285714
  [69] 0.565714286 0.214285714
  [71] 0.675714286 0.632857143
  [73] 0.982857143 0.942857143
  [75] 0.392857143 0.747142857
  [77] 0.248571429 0.551428571
  [79] 0.491428571 0.975714286
  [81] 0.105714286 0.914285714
  [83] 0.327142857 0.375714286
  [85] 0.730000000 0.092857143
  [87] 0.755714286 0.144285714
  [89] 0.268571429 0.151428571
  [91] 0.050000000 0.551428571
  [93] 0.901428571 0.628571429
  [95] 0.355714286 0.472857143
  [97] 0.258571429 0.941428571
  [99] 0.545714286 0.880000000
 [101] 0.100000000 0.511428571
 [103] 0.577142857 0.910000000
 [105] 0.847142857 0.804285714
 [107] 0.970000000 0.238571429
 [109] 0.548571429 0.454285714
 [111] 0.417142857 0.358571429
 [113] 0.675714286 0.121428571
 [115] 0.691428571 0.460000000
 [117] 0.464285714 0.947142857
 [119] 0.114285714 0.022857143
 [121] 0.578571429 0.485714286
 [123] 0.377142857 0.705714286
 [125] 0.100000000 0.621428571
 [127] 0.017142857 0.377142857
 [129] 0.510000000 0.368571429
 [131] 0.054285714 0.642857143
 [133] 0.634285714 0.768571429
 [135] 0.044285714 0.737142857
 [137] 0.155714286 0.355714286
 [139] 0.028571429 0.735714286
 [141] 0.572857143 0.652857143
 [143] 0.082857143 0.840000000
 [145] 0.647142857 0.255714286
 [147] 0.715714286 0.260000000
 [149] 0.497142857 0.005714286
 [151] 0.335714286 0.192857143
 [153] 0.495714286 0.357142857
 [155] 0.437142857 0.131428571
 [157] 0.175714286 0.777142857
 [159] 0.165714286 0.678571429
 [161] 0.017142857 0.047142857
 [163] 0.457142857 0.381428571
 [165] 0.774285714 0.420000000
 [167] 0.245714286 0.134285714
 [169] 0.548571429 0.637142857
 [171] 0.442857143 0.631428571
 [173] 0.235714286 0.975714286
 [175] 0.810000000 0.247142857
 [177] 0.931428571 0.772857143
 [179] 0.232857143 0.027142857
 [181] 0.677142857 0.878571429
 [183] 0.065714286 0.724285714
 [185] 0.488571429 0.788571429
 [187] 0.240000000 0.812857143
 [189] 0.822857143 0.100000000
 [191] 0.261428571 0.247142857
 [193] 0.104285714 0.834285714
 [195] 0.152857143 0.728571429
 [197] 0.587142857 0.467142857
 [199] 0.674285714 0.630000000
 [201] 0.774285714 0.368571429
 [203] 0.460000000 0.962857143
 [205] 0.044285714 0.141428571
 [207] 0.548571429 0.250000000
 [209] 0.957142857 0.290000000
 [211] 0.272857143 0.400000000
 [213] 0.172857143 0.894285714
 [215] 0.417142857 0.438571429
 [217] 0.310000000 0.622857143
 [219] 0.732857143 0.180000000
 [221] 0.905714286 0.298571429
 [223] 0.901428571 0.032857143
 [225] 0.692857143 0.777142857
 [227] 0.005714286 0.551428571
 [229] 0.965714286 0.778571429
 [231] 0.877142857 0.442857143
 [233] 0.281428571 0.021428571
 [235] 0.060000000 0.335714286
 [237] 0.952857143 0.318571429
 [239] 0.948571429 0.132857143
 [241] 0.645714286 0.402857143
 [243] 0.042857143 0.807142857
 [245] 0.124285714 0.080000000
 [247] 0.381428571 0.360000000
 [249] 0.467142857 0.487142857
 [251] 0.194285714 0.490000000
 [253] 0.478571429 0.208571429
 [255] 0.921428571 0.438571429
 [257] 0.907142857 0.054285714
 [259] 0.752857143 0.055714286
 [261] 0.474285714 0.967142857
 [263] 0.225714286 0.558571429
 [265] 0.832857143 0.532857143
 [267] 0.624285714 0.870000000
 [269] 0.075714286 0.830000000
 [271] 0.565714286 0.411428571
 [273] 0.422857143 0.881428571
 [275] 0.157142857 0.227142857
 [277] 0.227142857 0.210000000
 [279] 0.704285714 0.305714286
 [281] 0.360000000 0.061428571
 [283] 0.605714286 0.744285714
 [285] 0.015714286 0.585714286
 [287] 0.745714286 0.050000000
 [289] 0.665714286 0.517142857
 [291] 0.641428571 0.285714286
 [293] 0.462857143 0.851428571
 [295] 0.334285714 0.380000000
 [297] 0.432857143 0.454285714
 [299] 0.321428571 0.011428571
 [301] 0.874285714 0.221428571
 [303] 0.742857143 0.210000000
 [305] 0.720000000 0.715714286
 [307] 0.738571429 0.371428571
 [309] 0.735714286 0.347142857
 [311] 0.267142857 0.801428571
 [313] 0.638571429 0.972857143
 [315] 0.888571429 0.930000000
 [317] 0.518571429 0.024285714
 [319] 0.321428571 0.112857143
 [321] 0.728571429 0.502857143
 [323] 0.341428571 0.592857143
 [325] 0.347142857 0.034285714
 [327] 0.250000000 0.867142857
 [329] 0.305714286 0.757142857
 [331] 0.991428571 0.811428571
 [333] 0.442857143 0.587142857
 [335] 0.960000000 0.261428571
 [337] 0.214285714 0.291428571
 [339] 0.388571429 0.517142857
 [341] 0.892857143 0.908571429
 [343] 0.477142857 0.964285714
 [345] 0.011428571 0.065714286
 [347] 0.968571429 0.952857143
 [349] 0.510000000 0.810000000
 [351] 0.682857143 0.250000000
 [353] 0.727142857 0.011428571
 [355] 0.975714286 0.457142857
 [357] 0.987142857 0.461428571
 [359] 0.728571429 0.544285714
 [361] 0.451428571 0.882857143
 [363] 0.441428571 0.361428571
 [365] 0.037142857 0.181428571
 [367] 0.388571429 0.090000000
 [369] 0.342857143 0.368571429
 [371] 0.144285714 0.325714286
 [373] 0.694285714 0.845714286
 [375] 0.437142857 0.741428571
 [377] 0.830000000 0.240000000
 [379] 0.681428571 0.651428571
 [381] 0.465714286 0.248571429
 [383] 0.608571429 0.385714286
 [385] 0.477142857 0.044285714
 [387] 0.178571429 0.032857143
 [389] 0.187142857 0.014285714
 [391] 0.897142857 0.301428571
 [393] 0.977142857 0.191428571
 [395] 0.952857143 0.497142857
 [397] 0.387142857 0.555714286
 [399] 0.758571429 0.900000000
 [401] 0.954285714 0.221428571
 [403] 0.035714286 0.147142857
 [405] 0.841428571 0.447142857
 [407] 0.461428571 0.241428571
 [409] 0.875714286 0.592857143
 [411] 0.078571429 0.241428571
 [413] 0.882857143 0.484285714
 [415] 0.141428571 0.855714286
 [417] 0.260000000 0.808571429
 [419] 0.145714286 0.824285714
 [421] 0.612857143 0.475714286
 [423] 0.445714286 0.972857143
 [425] 0.134285714 0.898571429
 [427] 0.935714286 0.395714286
 [429] 0.285714286 0.695714286
 [431] 0.821428571 0.760000000
 [433] 0.974285714 0.805714286
 [435] 0.830000000 0.768571429
 [437] 0.975714286 0.957142857
 [439] 0.824285714 0.868571429
 [441] 0.817142857 0.818571429
 [443] 0.500000000 0.915714286
 [445] 0.084285714 0.127142857
 [447] 0.377142857 0.262857143
 [449] 0.504285714 0.654285714
 [451] 0.840000000 0.237142857
 [453] 0.272857143 0.408571429
 [455] 0.760000000 0.342857143
 [457] 0.295714286 0.541428571
 [459] 0.860000000 0.525714286
 [461] 0.647142857 0.292857143
 [463] 0.758571429 0.548571429
 [465] 0.932857143 0.581428571
 [467] 0.691428571 0.284285714
 [469] 0.742857143 0.300000000
 [471] 0.134285714 0.144285714
 [473] 0.832857143 0.585714286
 [475] 0.224285714 0.048571429
 [477] 0.497142857 0.815714286
 [479] 0.325714286 0.158571429
 [481] 0.042857143 0.820000000
 [483] 0.757142857 0.347142857
 [485] 0.557142857 0.221428571
 [487] 0.358571429 0.610000000
 [489] 0.577142857 0.657142857
 [491] 0.768571429 0.591428571
 [493] 0.931428571 0.124285714
 [495] 0.367142857 0.938571429
 [497] 0.942857143 0.732857143
 [499] 0.578571429 0.224285714
 [501] 0.391428571 0.448571429
 [503] 0.041428571 0.217142857
 [505] 0.681428571 0.645714286
 [507] 0.664285714 0.922857143
 [509] 0.698571429 0.672857143
 [511] 0.530000000 0.641428571
 [513] 0.722857143 0.075714286
 [515] 0.070000000 0.011428571
 [517] 0.448571429 0.142857143
 [519] 0.995714286 0.812857143
 [521] 0.954285714 0.292857143
 [523] 0.660000000 0.427142857
 [525] 0.381428571 0.514285714
 [527] 0.438571429 0.000000000
 [529] 0.302857143 0.721428571
 [531] 0.840000000 0.477142857
 [533] 0.858571429 0.644285714
 [535] 0.277142857 0.818571429
 [537] 0.728571429 0.070000000
 [539] 0.481428571 0.494285714
 [541] 0.490000000 0.214285714
 [543] 0.835714286 0.314285714
 [545] 0.972857143 0.870000000
 [547] 0.328571429 0.681428571
 [549] 0.270000000 0.102857143
 [551] 0.244285714 0.494285714
 [553] 0.770000000 0.328571429
 [555] 0.412857143 0.058571429
 [557] 0.628571429 0.507142857
 [559] 0.451428571 0.864285714
 [561] 0.737142857 0.885714286
 [563] 0.225714286 0.137142857
 [565] 0.015714286 0.885714286
 [567] 0.417142857 0.824285714
 [569] 0.094285714 0.474285714
 [571] 0.812857143 0.782857143
 [573] 0.727142857 0.775714286
 [575] 0.094285714 0.404285714
 [577] 0.170000000 0.221428571
 [579] 0.554285714 0.171428571
 [581] 0.728571429 0.602857143
 [583] 0.111428571 0.358571429
 [585] 0.711428571 0.570000000
 [587] 0.985714286 0.647142857
 [589] 0.998571429 0.390000000
 [591] 0.088571429 0.231428571
 [593] 0.078571429 0.568571429
 [595] 0.952857143 0.494285714
 [597] 0.884285714 0.724285714
 [599] 0.187142857 0.232857143
 [601] 0.714285714 0.777142857
 [603] 0.092857143 0.437142857
 [605] 0.057142857 0.487142857
 [607] 0.652857143 0.724285714
 [609] 0.971428571 0.095714286
 [611] 0.715714286 0.592857143
 [613] 0.161428571 0.274285714
 [615] 0.172857143 0.832857143
 [617] 0.908571429 0.195714286
 [619] 0.221428571 0.481428571
 [621] 0.301428571 0.817142857
 [623] 0.165714286 0.610000000
 [625] 0.904285714 0.951428571
 [627] 0.268571429 0.357142857
 [629] 0.884285714 0.762857143
 [631] 0.837142857 0.927142857
 [633] 0.931428571 0.931428571
 [635] 0.187142857 0.841428571
 [637] 0.187142857 0.882857143
 [639] 0.522857143 0.634285714
 [641] 0.690000000 0.597142857
 [643] 0.271428571 0.962857143
 [645] 0.407142857 0.425714286
 [647] 0.995714286 0.585714286
 [649] 0.417142857 0.224285714
 [651] 0.565714286 0.778571429
 [653] 0.914285714 0.035714286
 [655] 0.544285714 0.321428571
 [657] 0.724285714 0.795714286
 [659] 0.222857143 0.372857143
 [661] 0.971428571 0.965714286
 [663] 0.325714286 0.718571429
 [665] 0.960000000 0.015714286
 [667] 0.517142857 0.524285714
 [669] 0.924285714 0.730000000
 [671] 0.922857143 0.450000000
 [673] 0.901428571 0.652857143
 [675] 0.121428571 0.121428571
 [677] 0.644285714 0.004285714
 [679] 0.372857143 0.072857143
 [681] 0.438571429 0.407142857
 [683] 0.547142857 0.811428571
 [685] 0.887142857 0.615714286
 [687] 0.910000000 0.638571429
 [689] 0.078571429 0.720000000
 [691] 0.428571429 0.212857143
 [693] 0.368571429 0.895714286
 [695] 0.322857143 0.257142857
 [697] 0.164285714 0.381428571
 [699] 0.511428571 0.125714286
 [701] 0.137142857 0.931428571
 [703] 0.527142857 0.814285714
 [705] 0.171428571 0.307142857
 [707] 0.235714286 0.572857143
 [709] 0.984285714 0.675714286
 [711] 0.937142857 0.690000000
 [713] 0.445714286 0.410000000
 [715] 0.708571429 0.587142857
 [717] 0.330000000 0.790000000
 [719] 0.817142857 0.017142857
 [721] 0.657142857 0.361428571
 [723] 0.321428571 0.087142857
 [725] 0.878571429 0.567142857
 [727] 0.655714286 0.767142857
 [729] 0.077142857 0.807142857
 [731] 0.950000000 0.560000000
 [733] 0.544285714 0.722857143
 [735] 0.722857143 0.775714286
 [737] 0.854285714 0.972857143
 [739] 0.781428571 0.764285714
 [741] 0.447142857 0.412857143
 [743] 0.511428571 0.417142857
 [745] 0.425714286 0.588571429
 [747] 0.350000000 0.548571429
 [749] 0.140000000 0.815714286
 [751] 0.564285714 0.790000000
 [753] 0.692857143 0.720000000
 [755] 0.250000000 0.502857143
 [757] 0.365714286 0.241428571
 [759] 0.115714286 0.791428571
 [761] 0.598571429 0.085714286
 [763] 0.395714286 0.897142857
 [765] 0.311428571 0.860000000
 [767] 0.155714286 0.754285714
 [769] 0.500000000 0.740000000
 [771] 0.128571429 0.038571429
 [773] 0.214285714 0.271428571
 [775] 0.085714286 0.284285714
 [777] 0.888571429 0.114285714
 [779] 0.992857143 0.502857143
 [781] 0.217142857 0.764285714
 [783] 0.094285714 0.017142857
 [785] 0.441428571 0.685714286
 [787] 0.270000000 0.894285714
 [789] 0.492857143 0.551428571
 [791] 0.424285714 0.221428571
 [793] 0.032857143 0.740000000
 [795] 0.962857143 0.428571429
 [797] 0.790000000 0.371428571
 [799] 0.864285714 0.652857143
 [801] 0.298571429 0.195714286
 [803] 0.117142857 0.457142857
 [805] 0.664285714 0.950000000
 [807] 0.985714286 0.897142857
 [809] 0.240000000 0.542857143
 [811] 0.207142857 0.094285714
 [813] 0.511428571 0.387142857
 [815] 0.640000000 0.442857143
 [817] 0.092857143 0.407142857
 [819] 0.217142857 0.810000000
 [821] 0.554285714 0.741428571
 [823] 0.837142857 0.408571429
 [825] 0.627142857 0.738571429
 [827] 0.122857143 0.502857143
 [829] 0.401428571 0.247142857
 [831] 0.328571429 0.151428571
 [833] 0.271428571 0.251428571
 [835] 0.462857143 0.850000000
 [837] 0.398571429 0.352857143
 [839] 0.917142857 0.571428571
 [841] 0.508571429 0.717142857
 [843] 0.147142857 0.308571429
 [845] 0.370000000 0.577142857
 [847] 0.880000000 0.171428571
 [849] 0.582857143 0.672857143
 [851] 0.880000000 0.694285714
 [853] 0.151428571 0.877142857
 [855] 0.014285714 0.207142857
 [857] 0.998571429 0.347142857
 [859] 0.442857143 0.001428571
 [861] 0.162857143 0.255714286
 [863] 0.337142857 0.060000000
 [865] 0.677142857 0.381428571
 [867] 0.840000000 0.845714286
 [869] 0.388571429 0.925714286
 [871] 0.064285714 0.868571429
 [873] 0.672857143 0.231428571
 [875] 0.610000000 0.671428571
 [877] 1.000000000 0.467142857
 [879] 0.445714286 0.152857143
 [881] 0.590000000 0.904285714
 [883] 0.021428571 0.755714286
 [885] 0.397142857 0.638571429
 [887] 0.085714286 0.581428571
 [889] 0.920000000 0.322857143
 [891] 0.547142857 0.674285714
 [893] 0.551428571 0.934285714
 [895] 0.258571429 0.584285714
 [897] 0.051428571 0.535714286
 [899] 0.005714286 0.920000000
 [901] 0.272857143 0.922857143
 [903] 0.028571429 0.915714286
 [905] 0.585714286 0.650000000
 [907] 0.868571429 0.862857143
 [909] 0.827142857 0.797142857
 [911] 0.434285714 0.504285714
 [913] 0.024285714 0.691428571
 [915] 0.210000000 0.937142857
 [917] 0.114285714 0.038571429
 [919] 0.848571429 0.277142857
 [921] 0.757142857 0.567142857
 [923] 0.824285714 0.947142857
 [925] 0.641428571 0.551428571
 [927] 0.361428571 0.507142857
 [929] 0.568571429 0.610000000
 [931] 0.078571429 0.158571429
 [933] 0.590000000 0.118571429
 [935] 0.455714286 0.171428571
 [937] 0.828571429 0.594285714
 [939] 0.922857143 0.762857143
 [941] 0.512857143 0.548571429
 [943] 0.364285714 0.832857143
 [945] 0.477142857 0.487142857
 [947] 0.668571429 0.328571429
 [949] 0.202857143 0.697142857
 [951] 0.165714286 0.857142857
 [953] 0.782857143 0.100000000
 [955] 0.017142857 0.267142857
 [957] 0.891428571 0.314285714
 [959] 0.750000000 0.591428571
 [961] 0.262857143 0.734285714
 [963] 0.932857143 0.605714286
 [965] 0.312857143 0.027142857
 [967] 0.885714286 0.302857143
 [969] 0.698571429 0.747142857
 [971] 0.121428571 0.560000000
 [973] 0.244285714 0.004285714
 [975] 0.988571429 0.568571429
 [977] 0.902857143 0.810000000
 [979] 0.444285714 0.467142857
 [981] 0.317142857 0.544285714
 [983] 0.638571429 0.051428571
 [985] 0.012857143 0.394285714
 [987] 0.984285714 0.315714286
 [989] 0.698571429 0.132857143
 [991] 0.138571429 0.087142857
 [993] 0.534285714 0.460000000
 [995] 0.952857143 0.854285714
 [997] 0.960000000 0.455714286
 [999] 0.847142857 0.421428571

> print("PowerL")
[1] "PowerL"
> print(PowerL)
[1] 0.057
> print("PowerF")
[1] "PowerF"
> print(PowerF)
[1] 0.05
> 

