> pLValues
   [1] 0.522857143 0.592857143 0.485714286 0.705714286
   [5] 0.067142857 0.534285714 0.825714286 0.650000000
   [9] 0.882857143 0.597142857 0.918571429 0.280000000
  [13] 0.755714286 0.355714286 0.325714286 0.625714286
  [17] 0.067142857 0.752857143 0.578571429 0.977142857
  [21] 0.887142857 0.167142857 0.452857143 0.017142857
  [25] 0.431428571 0.762857143 0.991428571 0.050000000
  [29] 0.198571429 0.661428571 0.221428571 0.538571429
  [33] 0.765714286 0.311428571 0.821428571 0.350000000
  [37] 0.490000000 0.265714286 0.060000000 0.635714286
  [41] 0.305714286 0.915714286 0.400000000 0.330000000
  [45] 0.965714286 0.357142857 0.290000000 0.721428571
  [49] 0.982857143 0.341428571 0.250000000 0.850000000
  [53] 0.242857143 0.597142857 0.651428571 0.590000000
  [57] 0.598571429 0.008571429 0.627142857 0.145714286
  [61] 0.081428571 0.688571429 0.810000000 0.120000000
  [65] 0.727142857 0.745714286 0.148571429 0.038571429
  [69] 0.414285714 0.534285714 0.341428571 0.132857143
  [73] 0.952857143 0.207142857 0.694285714 0.415714286
  [77] 0.880000000 0.144285714 0.075714286 0.664285714
  [81] 0.160000000 0.844285714 0.010000000 0.885714286
  [85] 0.782857143 0.567142857 0.867142857 0.534285714
  [89] 0.517142857 0.657142857 0.638571429 0.382857143
  [93] 0.077142857 0.915714286 0.117142857 0.221428571
  [97] 0.457142857 0.634285714 0.508571429 0.297142857
 [101] 0.664285714 0.315714286 0.462857143 0.811428571
 [105] 0.512857143 0.842857143 0.792857143 0.707142857
 [109] 0.351428571 0.074285714 0.934285714 0.318571429
 [113] 0.577142857 0.768571429 0.915714286 0.964285714
 [117] 0.377142857 0.887142857 0.624285714 0.455714286
 [121] 0.341428571 0.681428571 0.847142857 0.112857143
 [125] 0.718571429 0.611428571 0.860000000 0.511428571
 [129] 0.824285714 0.317142857 0.607142857 0.984285714
 [133] 0.620000000 0.204285714 0.134285714 0.545714286
 [137] 0.384285714 0.525714286 0.542857143 0.982857143
 [141] 0.172857143 0.792857143 0.744285714 0.627142857
 [145] 0.514285714 0.477142857 0.201428571 0.407142857
 [149] 0.631428571 0.478571429 0.577142857 0.172857143
 [153] 0.798571429 0.190000000 0.527142857 0.234285714
 [157] 0.470000000 0.790000000 0.955714286 0.501428571
 [161] 0.681428571 0.431428571 0.685714286 0.884285714
 [165] 0.881428571 0.067142857 0.970000000 0.920000000
 [169] 0.335714286 0.648571429 0.514285714 0.358571429
 [173] 0.211428571 0.138571429 0.561428571 0.077142857
 [177] 0.830000000 0.690000000 0.450000000 0.304285714
 [181] 0.340000000 0.494285714 0.284285714 0.160000000
 [185] 0.072857143 0.978571429 0.562857143 0.561428571
 [189] 0.950000000 0.434285714 0.277142857 0.188571429
 [193] 0.010000000 0.902857143 0.050000000 0.600000000
 [197] 0.607142857 0.521428571 0.255714286 0.812857143
 [201] 0.318571429 0.524285714 0.978571429 0.137142857
 [205] 0.362857143 0.538571429 0.331428571 0.445714286
 [209] 0.724285714 0.260000000 0.618571429 0.200000000
 [213] 0.382857143 0.394285714 0.260000000 0.925714286
 [217] 0.300000000 0.168571429 0.160000000 0.627142857
 [221] 0.265714286 0.525714286 0.432857143 0.970000000
 [225] 0.977142857 0.922857143 0.822857143 0.608571429
 [229] 0.530000000 0.932857143 0.162857143 0.540000000
 [233] 0.892857143 0.595714286 0.914285714 0.774285714
 [237] 0.427142857 0.251428571 0.151428571 0.388571429
 [241] 0.722857143 0.915714286 0.222857143 0.401428571
 [245] 0.868571429 0.548571429 0.848571429 0.421428571
 [249] 0.252857143 0.074285714 0.094285714 0.450000000
 [253] 0.740000000 0.342857143 0.024285714 0.087142857
 [257] 0.544285714 0.457142857 0.612857143 0.821428571
 [261] 0.631428571 0.720000000 0.780000000 0.714285714
 [265] 0.090000000 0.924285714 0.581428571 0.027142857
 [269] 0.762857143 0.540000000 0.127142857 0.951428571
 [273] 0.165714286 0.817142857 0.101428571 0.950000000
 [277] 0.441428571 0.514285714 0.100000000 0.605714286
 [281] 0.254285714 0.938571429 0.478571429 0.265714286
 [285] 0.711428571 0.510000000 0.187142857 0.522857143
 [289] 0.017142857 0.737142857 0.381428571 0.065714286
 [293] 0.335714286 0.111428571 0.561428571 0.342857143
 [297] 0.024285714 0.257142857 0.980000000 0.327142857
 [301] 0.695714286 0.378571429 0.375714286 0.825714286
 [305] 0.000000000 0.722857143 0.217142857 0.918571429
 [309] 0.355714286 0.221428571 0.401428571 0.928571429
 [313] 0.414285714 0.918571429 0.928571429 0.660000000
 [317] 0.212857143 0.134285714 0.628571429 0.491428571
 [321] 0.328571429 0.195714286 0.075714286 0.938571429
 [325] 0.618571429 0.485714286 0.038571429 0.115714286
 [329] 0.071428571 0.838571429 0.777142857 0.127142857
 [333] 0.935714286 0.048571429 0.605714286 0.314285714
 [337] 0.081428571 0.292857143 0.964285714 0.115714286
 [341] 0.052857143 0.368571429 0.991428571 0.088571429
 [345] 0.297142857 0.802857143 0.751428571 0.592857143
 [349] 0.265714286 0.428571429 0.305714286 0.817142857
 [353] 0.021428571 0.345714286 0.692857143 0.970000000
 [357] 0.072857143 0.078571429 0.107142857 0.400000000
 [361] 0.837142857 0.502857143 0.338571429 0.785714286
 [365] 0.788571429 0.772857143 0.198571429 0.922857143
 [369] 0.157142857 0.882857143 0.277142857 0.557142857
 [373] 0.151428571 0.267142857 0.747142857 0.067142857
 [377] 0.557142857 0.640000000 0.510000000 0.145714286
 [381] 0.940000000 0.718571429 0.104285714 0.547142857
 [385] 0.975714286 0.952857143 0.144285714 0.781428571
 [389] 0.998571429 0.657142857 0.981428571 0.132857143
 [393] 0.687142857 0.087142857 0.844285714 0.354285714
 [397] 0.631428571 0.708571429 0.504285714 0.837142857
 [401] 0.277142857 0.001428571 0.315714286 0.985714286
 [405] 0.264285714 0.970000000 0.390000000 0.385714286
 [409] 0.367142857 0.320000000 0.410000000 0.938571429
 [413] 0.018571429 0.368571429 0.837142857 0.951428571
 [417] 0.342857143 0.715714286 0.032857143 0.270000000
 [421] 0.592857143 0.100000000 0.171428571 0.582857143
 [425] 0.055714286 0.254285714 0.728571429 0.908571429
 [429] 0.351428571 0.152857143 0.694285714 0.237142857
 [433] 0.895714286 0.964285714 0.111428571 0.012857143
 [437] 0.864285714 0.238571429 0.165714286 0.257142857
 [441] 0.427142857 0.457142857 0.730000000 0.297142857
 [445] 0.118571429 0.107142857 0.364285714 0.315714286
 [449] 0.592857143 0.445714286 0.474285714 0.764285714
 [453] 0.762857143 0.655714286 0.530000000 0.968571429
 [457] 0.447142857 0.184285714 0.757142857 0.484285714
 [461] 0.804285714 0.432857143 0.065714286 0.954285714
 [465] 0.264285714 0.458571429 0.180000000 0.187142857
 [469] 0.662857143 0.731428571 0.991428571 0.702857143
 [473] 0.955714286 0.614285714 0.848571429 0.872857143
 [477] 0.221428571 0.362857143 0.561428571 0.230000000
 [481] 0.791428571 0.538571429 0.881428571 0.494285714
 [485] 0.614285714 0.647142857 0.728571429 0.170000000
 [489] 0.975714286 0.060000000 0.331428571 0.484285714
 [493] 0.585714286 0.865714286 0.907142857 0.087142857
 [497] 0.574285714 0.964285714 0.311428571 0.752857143
 [501] 0.580000000 0.415714286 0.810000000 0.808571429
 [505] 0.547142857 0.267142857 0.520000000 0.617142857
 [509] 0.735714286 0.718571429 0.650000000 0.872857143
 [513] 0.471428571 0.357142857 0.387142857 0.002857143
 [517] 0.228571429 0.674285714 0.042857143 0.352857143
 [521] 0.920000000 0.931428571 0.695714286 0.412857143
 [525] 0.584285714 0.828571429 0.974285714 0.107142857
 [529] 0.528571429 0.377142857 0.668571429 0.532857143
 [533] 0.167142857 0.002857143 0.307142857 0.875714286
 [537] 0.862857143 0.141428571 0.480000000 0.954285714
 [541] 0.697142857 0.485714286 0.351428571 0.335714286
 [545] 0.455714286 0.320000000 0.117142857 0.164285714
 [549] 0.431428571 0.840000000 0.381428571 0.611428571
 [553] 0.658571429 0.267142857 0.882857143 0.318571429
 [557] 0.112857143 0.662857143 0.800000000 0.475714286
 [561] 0.691428571 0.181428571 0.794285714 0.384285714
 [565] 0.968571429 0.908571429 0.385714286 0.788571429
 [569] 0.330000000 0.062857143 0.350000000 0.901428571
 [573] 0.117142857 0.778571429 0.948571429 0.580000000
 [577] 0.125714286 0.724285714 0.175714286 0.435714286
 [581] 0.234285714 0.354285714 0.624285714 0.207142857
 [585] 0.402857143 0.921428571 0.111428571 0.174285714
 [589] 0.085714286 0.165714286 0.914285714 0.045714286
 [593] 0.661428571 0.214285714 0.667142857 0.608571429
 [597] 0.507142857 0.482857143 0.164285714 0.394285714
 [601] 0.057142857 0.471428571 0.485714286 0.495714286
 [605] 0.902857143 0.284285714 0.537142857 0.762857143
 [609] 0.414285714 0.304285714 0.494285714 0.664285714
 [613] 0.238571429 0.365714286 0.150000000 0.552857143
 [617] 0.642857143 0.088571429 0.067142857 0.701428571
 [621] 0.324285714 0.535714286 0.192857143 0.365714286
 [625] 0.195714286 0.762857143 0.714285714 0.607142857
 [629] 0.191428571 0.768571429 0.117142857 0.955714286
 [633] 0.048571429 0.064285714 0.041428571 0.390000000
 [637] 0.351428571 0.615714286 0.051428571 0.777142857
 [641] 0.391428571 0.974285714 0.885714286 0.725714286
 [645] 0.385714286 0.738571429 0.730000000 0.901428571
 [649] 0.774285714 0.827142857 0.105714286 0.998571429
 [653] 0.671428571 0.475714286 0.430000000 0.437142857
 [657] 0.717142857 0.700000000 0.404285714 0.330000000
 [661] 0.507142857 0.277142857 0.891428571 0.285714286
 [665] 0.732857143 0.550000000 0.361428571 0.837142857
 [669] 0.030000000 0.260000000 0.758571429 0.022857143
 [673] 0.481428571 0.880000000 0.952857143 0.951428571
 [677] 0.231428571 0.874285714 0.954285714 0.944285714
 [681] 0.821428571 0.170000000 0.258571429 0.674285714
 [685] 0.014285714 0.122857143 0.995714286 0.620000000
 [689] 0.672857143 0.558571429 0.468571429 0.801428571
 [693] 0.955714286 0.794285714 0.791428571 0.532857143
 [697] 0.192857143 0.310000000 0.905714286 0.430000000
 [701] 0.675714286 0.458571429 0.421428571 0.164285714
 [705] 0.178571429 0.945714286 0.195714286 0.382857143
 [709] 0.338571429 0.747142857 0.720000000 0.025714286
 [713] 0.214285714 0.531428571 0.535714286 0.422857143
 [717] 0.248571429 0.368571429 0.207142857 0.201428571
 [721] 0.854285714 0.550000000 0.957142857 0.271428571
 [725] 0.328571429 0.218571429 0.912857143 0.348571429
 [729] 0.711428571 0.540000000 0.764285714 0.895714286
 [733] 0.342857143 0.320000000 0.841428571 0.981428571
 [737] 0.041428571 0.214285714 0.188571429 0.838571429
 [741] 0.735714286 0.748571429 0.891428571 0.417142857
 [745] 0.052857143 0.310000000 0.211428571 0.602857143
 [749] 0.824285714 0.938571429 0.725714286 0.081428571
 [753] 0.711428571 0.241428571 0.581428571 0.972857143
 [757] 0.605714286 0.054285714 0.394285714 0.152857143
 [761] 0.810000000 0.465714286 0.542857143 0.328571429
 [765] 0.137142857 0.984285714 0.205714286 0.157142857
 [769] 0.301428571 0.864285714 0.195714286 0.022857143
 [773] 0.032857143 0.854285714 0.220000000 0.115714286
 [777] 0.418571429 0.821428571 0.167142857 0.062857143
 [781] 0.592857143 0.445714286 0.017142857 0.680000000
 [785] 0.151428571 0.564285714 0.771428571 0.198571429
 [789] 0.641428571 0.244285714 0.745714286 0.460000000
 [793] 0.447142857 0.335714286 0.531428571 0.260000000
 [797] 0.694285714 0.084285714 0.612857143 0.400000000
 [801] 0.905714286 0.575714286 0.391428571 0.971428571
 [805] 0.227142857 0.108571429 0.478571429 0.780000000
 [809] 0.698571429 0.352857143 0.394285714 0.012857143
 [813] 0.485714286 0.471428571 0.145714286 0.134285714
 [817] 0.270000000 0.532857143 0.708571429 0.807142857
 [821] 0.871428571 0.198571429 0.441428571 0.460000000
 [825] 0.727142857 0.862857143 0.820000000 0.830000000
 [829] 0.600000000 0.392857143 0.178571429 0.345714286
 [833] 0.567142857 0.468571429 0.918571429 0.592857143
 [837] 0.765714286 0.211428571 0.768571429 0.162857143
 [841] 0.858571429 0.614285714 0.147142857 0.132857143
 [845] 0.135714286 0.817142857 0.080000000 0.368571429
 [849] 0.978571429 0.464285714 0.798571429 0.670000000
 [853] 0.508571429 0.840000000 0.688571429 0.778571429
 [857] 0.761428571 0.537142857 0.450000000 0.985714286
 [861] 0.258571429 0.204285714 0.864285714 0.710000000
 [865] 0.708571429 0.668571429 0.482857143 0.058571429
 [869] 0.721428571 0.920000000 0.221428571 0.244285714
 [873] 0.140000000 0.062857143 0.202857143 0.130000000
 [877] 0.121428571 0.875714286 0.628571429 0.051428571
 [881] 0.561428571 0.728571429 0.210000000 0.917142857
 [885] 0.970000000 0.891428571 0.948571429 0.357142857
 [889] 0.097142857 0.715714286 0.604285714 0.444285714
 [893] 0.154285714 0.521428571 0.452857143 0.221428571
 [897] 0.117142857 0.192857143 0.402857143 0.480000000
 [901] 0.508571429 0.802857143 0.622857143 0.647142857
 [905] 0.574285714 0.088571429 0.965714286 0.202857143
 [909] 0.508571429 0.908571429 0.865714286 0.308571429
 [913] 0.615714286 0.258571429 0.148571429 0.254285714
 [917] 0.702857143 0.341428571 0.860000000 0.635714286
 [921] 0.317142857 0.175714286 0.661428571 0.630000000
 [925] 0.691428571 0.947142857 0.785714286 0.404285714
 [929] 0.797142857 0.554285714 0.272857143 0.994285714
 [933] 0.670000000 0.355714286 0.461428571 0.595714286
 [937] 0.975714286 0.542857143 0.570000000 0.228571429
 [941] 0.572857143 0.487142857 0.402857143 0.908571429
 [945] 0.658571429 0.795714286 0.570000000 0.588571429
 [949] 0.520000000 0.142857143 0.264285714 0.448571429
 [953] 0.220000000 0.790000000 0.608571429 0.704285714
 [957] 0.747142857 0.187142857 0.231428571 0.685714286
 [961] 0.197142857 0.735714286 0.670000000 0.271428571
 [965] 0.792857143 0.368571429 0.852857143 0.181428571
 [969] 0.108571429 0.032857143 0.128571429 0.685714286
 [973] 0.808571429 0.697142857 0.340000000 0.260000000
 [977] 0.935714286 0.448571429 0.622857143 0.198571429
 [981] 0.395714286 0.307142857 0.764285714 0.215714286
 [985] 0.482857143 0.192857143 0.095714286 0.482857143
 [989] 0.418571429 0.748571429 0.537142857 0.007142857
 [993] 0.080000000 0.355714286 0.761428571 0.821428571
 [997] 0.410000000 0.385714286 0.074285714 0.660000000

> pFValues 
   [1] 0.497142857 0.581428571 0.507142857 0.714285714
   [5] 0.081428571 0.568571429 0.827142857 0.655714286
   [9] 0.890000000 0.632857143 0.918571429 0.275714286
  [13] 0.741428571 0.315714286 0.305714286 0.630000000
  [17] 0.048571429 0.735714286 0.587142857 0.977142857
  [21] 0.881428571 0.148571429 0.434285714 0.011428571
  [25] 0.431428571 0.767142857 0.991428571 0.058571429
  [29] 0.168571429 0.688571429 0.207142857 0.545714286
  [33] 0.754285714 0.295714286 0.811428571 0.291428571
  [37] 0.427142857 0.258571429 0.090000000 0.622857143
  [41] 0.291428571 0.917142857 0.364285714 0.350000000
  [45] 0.958571429 0.368571429 0.280000000 0.738571429
  [49] 0.982857143 0.331428571 0.208571429 0.851428571
  [53] 0.202857143 0.571428571 0.627142857 0.607142857
  [57] 0.568571429 0.002857143 0.650000000 0.164285714
  [61] 0.077142857 0.682857143 0.800000000 0.142857143
  [65] 0.730000000 0.744285714 0.120000000 0.024285714
  [69] 0.424285714 0.532857143 0.317142857 0.130000000
  [73] 0.944285714 0.237142857 0.700000000 0.452857143
  [77] 0.892857143 0.122857143 0.085714286 0.647142857
  [81] 0.190000000 0.844285714 0.004285714 0.891428571
  [85] 0.772857143 0.578571429 0.858571429 0.562857143
  [89] 0.534285714 0.632857143 0.622857143 0.351428571
  [93] 0.094285714 0.911428571 0.160000000 0.211428571
  [97] 0.462857143 0.664285714 0.528571429 0.255714286
 [101] 0.708571429 0.318571429 0.438571429 0.812857143
 [105] 0.494285714 0.835714286 0.807142857 0.690000000
 [109] 0.345714286 0.088571429 0.932857143 0.318571429
 [113] 0.574285714 0.768571429 0.907142857 0.964285714
 [117] 0.377142857 0.884285714 0.658571429 0.484285714
 [121] 0.280000000 0.672857143 0.858571429 0.127142857
 [125] 0.717142857 0.624285714 0.865714286 0.485714286
 [129] 0.821428571 0.330000000 0.598571429 0.978571429
 [133] 0.622857143 0.204285714 0.112857143 0.554285714
 [137] 0.351428571 0.577142857 0.525714286 0.982857143
 [141] 0.132857143 0.781428571 0.757142857 0.657142857
 [145] 0.512857143 0.487142857 0.168571429 0.371428571
 [149] 0.631428571 0.470000000 0.570000000 0.145714286
 [153] 0.804285714 0.175714286 0.514285714 0.217142857
 [157] 0.502857143 0.797142857 0.957142857 0.514285714
 [161] 0.711428571 0.458571429 0.662857143 0.874285714
 [165] 0.870000000 0.047142857 0.962857143 0.928571429
 [169] 0.310000000 0.632857143 0.495714286 0.412857143
 [173] 0.171428571 0.120000000 0.632857143 0.082857143
 [177] 0.832857143 0.684285714 0.435714286 0.315714286
 [181] 0.278571429 0.497142857 0.298571429 0.155714286
 [185] 0.054285714 0.978571429 0.557142857 0.585714286
 [189] 0.950000000 0.427142857 0.247142857 0.197142857
 [193] 0.004285714 0.908571429 0.045714286 0.602857143
 [197] 0.584285714 0.524285714 0.250000000 0.774285714
 [201] 0.334285714 0.544285714 0.972857143 0.134285714
 [205] 0.368571429 0.514285714 0.287142857 0.460000000
 [209] 0.728571429 0.290000000 0.597142857 0.194285714
 [213] 0.465714286 0.337142857 0.272857143 0.928571429
 [217] 0.307142857 0.201428571 0.115714286 0.597142857
 [221] 0.242857143 0.498571429 0.457142857 0.974285714
 [225] 0.978571429 0.924285714 0.827142857 0.588571429
 [229] 0.487142857 0.930000000 0.135714286 0.540000000
 [233] 0.897142857 0.575714286 0.915714286 0.782857143
 [237] 0.448571429 0.284285714 0.180000000 0.418571429
 [241] 0.734285714 0.915714286 0.220000000 0.407142857
 [245] 0.868571429 0.564285714 0.822857143 0.398571429
 [249] 0.230000000 0.090000000 0.082857143 0.464285714
 [253] 0.748571429 0.348571429 0.011428571 0.064285714
 [257] 0.522857143 0.440000000 0.605714286 0.812857143
 [261] 0.647142857 0.702857143 0.788571429 0.694285714
 [265] 0.160000000 0.935714286 0.640000000 0.020000000
 [269] 0.774285714 0.535714286 0.164285714 0.944285714
 [273] 0.154285714 0.805714286 0.095714286 0.954285714
 [277] 0.450000000 0.538571429 0.101428571 0.608571429
 [281] 0.267142857 0.950000000 0.472857143 0.232857143
 [285] 0.718571429 0.535714286 0.211428571 0.532857143
 [289] 0.014285714 0.750000000 0.361428571 0.078571429
 [293] 0.300000000 0.114285714 0.575714286 0.307142857
 [297] 0.027142857 0.290000000 0.977142857 0.335714286
 [301] 0.685714286 0.338571429 0.320000000 0.814285714
 [305] 0.000000000 0.725714286 0.177142857 0.911428571
 [309] 0.338571429 0.191428571 0.410000000 0.928571429
 [313] 0.410000000 0.915714286 0.932857143 0.641428571
 [317] 0.185714286 0.130000000 0.644285714 0.510000000
 [321] 0.311428571 0.180000000 0.081428571 0.935714286
 [325] 0.655714286 0.492857143 0.058571429 0.148571429
 [329] 0.042857143 0.828571429 0.781428571 0.135714286
 [333] 0.938571429 0.060000000 0.572857143 0.302857143
 [337] 0.044285714 0.277142857 0.964285714 0.137142857
 [341] 0.037142857 0.370000000 0.991428571 0.081428571
 [345] 0.290000000 0.812857143 0.734285714 0.598571429
 [349] 0.318571429 0.434285714 0.330000000 0.824285714
 [353] 0.045714286 0.377142857 0.692857143 0.968571429
 [357] 0.081428571 0.057142857 0.108571429 0.402857143
 [361] 0.830000000 0.521428571 0.360000000 0.787142857
 [365] 0.805714286 0.757142857 0.208571429 0.920000000
 [369] 0.188571429 0.872857143 0.262857143 0.534285714
 [373] 0.124285714 0.264285714 0.737142857 0.114285714
 [377] 0.531428571 0.604285714 0.492857143 0.144285714
 [381] 0.948571429 0.702857143 0.122857143 0.555714286
 [385] 0.977142857 0.948571429 0.117142857 0.767142857
 [389] 0.998571429 0.624285714 0.981428571 0.151428571
 [393] 0.675714286 0.077142857 0.837142857 0.374285714
 [397] 0.644285714 0.668571429 0.515714286 0.825714286
 [401] 0.240000000 0.008571429 0.318571429 0.988571429
 [405] 0.281428571 0.968571429 0.404285714 0.361428571
 [409] 0.354285714 0.361428571 0.485714286 0.941428571
 [413] 0.014285714 0.361428571 0.812857143 0.952857143
 [417] 0.344285714 0.715714286 0.037142857 0.234285714
 [421] 0.608571429 0.061428571 0.142857143 0.574285714
 [425] 0.042857143 0.350000000 0.731428571 0.905714286
 [429] 0.298571429 0.168571429 0.672857143 0.221428571
 [433] 0.891428571 0.965714286 0.124285714 0.002857143
 [437] 0.850000000 0.222857143 0.168571429 0.251428571
 [441] 0.390000000 0.428571429 0.731428571 0.275714286
 [445] 0.108571429 0.078571429 0.378571429 0.281428571
 [449] 0.601428571 0.414285714 0.464285714 0.747142857
 [453] 0.771428571 0.598571429 0.564285714 0.970000000
 [457] 0.465714286 0.185714286 0.767142857 0.510000000
 [461] 0.807142857 0.414285714 0.081428571 0.957142857
 [465] 0.228571429 0.448571429 0.214285714 0.182857143
 [469] 0.644285714 0.751428571 0.995714286 0.670000000
 [473] 0.957142857 0.618571429 0.831428571 0.862857143
 [477] 0.260000000 0.378571429 0.580000000 0.225714286
 [481] 0.817142857 0.574285714 0.877142857 0.471428571
 [485] 0.634285714 0.620000000 0.712857143 0.134285714
 [489] 0.974285714 0.050000000 0.430000000 0.500000000
 [493] 0.582857143 0.865714286 0.915714286 0.092857143
 [497] 0.544285714 0.965714286 0.265714286 0.758571429
 [501] 0.590000000 0.415714286 0.818571429 0.807142857
 [505] 0.527142857 0.267142857 0.525714286 0.597142857
 [509] 0.725714286 0.718571429 0.670000000 0.871428571
 [513] 0.484285714 0.358571429 0.445714286 0.045714286
 [517] 0.218571429 0.661428571 0.045714286 0.392857143
 [521] 0.930000000 0.920000000 0.705714286 0.378571429
 [525] 0.551428571 0.834285714 0.974285714 0.125714286
 [529] 0.545714286 0.397142857 0.685714286 0.554285714
 [533] 0.140000000 0.008571429 0.318571429 0.870000000
 [537] 0.868571429 0.150000000 0.530000000 0.951428571
 [541] 0.675714286 0.501428571 0.365714286 0.310000000
 [545] 0.474285714 0.284285714 0.117142857 0.142857143
 [549] 0.394285714 0.855714286 0.331428571 0.604285714
 [553] 0.660000000 0.321428571 0.875714286 0.324285714
 [557] 0.115714286 0.681428571 0.832857143 0.484285714
 [561] 0.670000000 0.175714286 0.781428571 0.442857143
 [565] 0.962857143 0.894285714 0.354285714 0.801428571
 [569] 0.328571429 0.037142857 0.351428571 0.892857143
 [573] 0.127142857 0.788571429 0.948571429 0.584285714
 [577] 0.161428571 0.728571429 0.162857143 0.425714286
 [581] 0.222857143 0.370000000 0.604285714 0.222857143
 [585] 0.384285714 0.927142857 0.080000000 0.160000000
 [589] 0.085714286 0.147142857 0.908571429 0.058571429
 [593] 0.662857143 0.182857143 0.640000000 0.591428571
 [597] 0.488571429 0.441428571 0.121428571 0.362857143
 [601] 0.040000000 0.422857143 0.497142857 0.504285714
 [605] 0.911428571 0.304285714 0.522857143 0.751428571
 [609] 0.422857143 0.282857143 0.458571429 0.648571429
 [613] 0.175714286 0.415714286 0.150000000 0.537142857
 [617] 0.631428571 0.080000000 0.078571429 0.681428571
 [621] 0.352857143 0.530000000 0.212857143 0.377142857
 [625] 0.295714286 0.770000000 0.735714286 0.611428571
 [629] 0.280000000 0.747142857 0.115714286 0.951428571
 [633] 0.057142857 0.092857143 0.065714286 0.360000000
 [637] 0.324285714 0.585714286 0.054285714 0.768571429
 [641] 0.404285714 0.974285714 0.882857143 0.720000000
 [645] 0.354285714 0.747142857 0.720000000 0.888571429
 [649] 0.765714286 0.838571429 0.074285714 0.998571429
 [653] 0.651428571 0.452857143 0.401428571 0.397142857
 [657] 0.700000000 0.677142857 0.445714286 0.330000000
 [661] 0.547142857 0.251428571 0.891428571 0.314285714
 [665] 0.762857143 0.597142857 0.364285714 0.832857143
 [669] 0.014285714 0.258571429 0.741428571 0.022857143
 [673] 0.530000000 0.878571429 0.955714286 0.951428571
 [677] 0.230000000 0.880000000 0.954285714 0.950000000
 [681] 0.807142857 0.132857143 0.268571429 0.698571429
 [685] 0.090000000 0.071428571 0.995714286 0.622857143
 [689] 0.650000000 0.562857143 0.427142857 0.788571429
 [693] 0.955714286 0.775714286 0.777142857 0.520000000
 [697] 0.234285714 0.272857143 0.901428571 0.412857143
 [701] 0.655714286 0.451428571 0.422857143 0.178571429
 [705] 0.170000000 0.941428571 0.174285714 0.367142857
 [709] 0.330000000 0.762857143 0.722857143 0.021428571
 [713] 0.244285714 0.530000000 0.547142857 0.447142857
 [717] 0.248571429 0.391428571 0.210000000 0.248571429
 [721] 0.848571429 0.565714286 0.957142857 0.255714286
 [725] 0.297142857 0.232857143 0.911428571 0.357142857
 [729] 0.694285714 0.515714286 0.764285714 0.901428571
 [733] 0.311428571 0.297142857 0.824285714 0.984285714
 [737] 0.040000000 0.194285714 0.168571429 0.840000000
 [741] 0.740000000 0.752857143 0.901428571 0.451428571
 [745] 0.050000000 0.307142857 0.174285714 0.572857143
 [749] 0.831428571 0.937142857 0.738571429 0.101428571
 [753] 0.712857143 0.255714286 0.585714286 0.971428571
 [757] 0.614285714 0.090000000 0.361428571 0.164285714
 [761] 0.822857143 0.455714286 0.555714286 0.337142857
 [765] 0.125714286 0.981428571 0.217142857 0.135714286
 [769] 0.297142857 0.860000000 0.227142857 0.035714286
 [773] 0.035714286 0.854285714 0.251428571 0.102857143
 [777] 0.381428571 0.812857143 0.171428571 0.062857143
 [781] 0.631428571 0.477142857 0.061428571 0.712857143
 [785] 0.147142857 0.627142857 0.758571429 0.202857143
 [789] 0.624285714 0.192857143 0.761428571 0.437142857
 [793] 0.518571429 0.312857143 0.531428571 0.240000000
 [797] 0.681428571 0.074285714 0.574285714 0.410000000
 [801] 0.900000000 0.614285714 0.360000000 0.971428571
 [805] 0.272857143 0.077142857 0.471428571 0.762857143
 [809] 0.725714286 0.325714286 0.382857143 0.002857143
 [813] 0.457142857 0.417142857 0.181428571 0.122857143
 [817] 0.270000000 0.541428571 0.690000000 0.807142857
 [821] 0.871428571 0.150000000 0.447142857 0.515714286
 [825] 0.710000000 0.871428571 0.837142857 0.827142857
 [829] 0.612857143 0.392857143 0.177142857 0.375714286
 [833] 0.541428571 0.448571429 0.917142857 0.592857143
 [837] 0.755714286 0.265714286 0.762857143 0.215714286
 [841] 0.867142857 0.601428571 0.151428571 0.118571429
 [845] 0.111428571 0.817142857 0.061428571 0.367142857
 [849] 0.978571429 0.458571429 0.787142857 0.685714286
 [853] 0.517142857 0.850000000 0.688571429 0.794285714
 [857] 0.784285714 0.492857143 0.420000000 0.985714286
 [861] 0.225714286 0.201428571 0.851428571 0.721428571
 [865] 0.721428571 0.661428571 0.467142857 0.061428571
 [869] 0.712857143 0.924285714 0.212857143 0.218571429
 [873] 0.140000000 0.034285714 0.150000000 0.140000000
 [877] 0.118571429 0.885714286 0.615714286 0.054285714
 [881] 0.564285714 0.742857143 0.148571429 0.907142857
 [885] 0.971428571 0.905714286 0.950000000 0.364285714
 [889] 0.110000000 0.725714286 0.594285714 0.518571429
 [893] 0.147142857 0.557142857 0.454285714 0.220000000
 [897] 0.092857143 0.174285714 0.412857143 0.484285714
 [901] 0.487142857 0.781428571 0.615714286 0.655714286
 [905] 0.584285714 0.097142857 0.968571429 0.188571429
 [909] 0.474285714 0.910000000 0.862857143 0.302857143
 [913] 0.631428571 0.271428571 0.132857143 0.222857143
 [917] 0.684285714 0.375714286 0.850000000 0.640000000
 [921] 0.342857143 0.222857143 0.630000000 0.644285714
 [925] 0.674285714 0.950000000 0.767142857 0.432857143
 [929] 0.800000000 0.524285714 0.270000000 0.991428571
 [933] 0.692857143 0.371428571 0.410000000 0.588571429
 [937] 0.974285714 0.477142857 0.582857143 0.198571429
 [941] 0.545714286 0.517142857 0.381428571 0.911428571
 [945] 0.682857143 0.780000000 0.577142857 0.615714286
 [949] 0.492857143 0.135714286 0.304285714 0.467142857
 [953] 0.342857143 0.790000000 0.587142857 0.720000000
 [957] 0.740000000 0.170000000 0.278571429 0.661428571
 [961] 0.195714286 0.744285714 0.707142857 0.224285714
 [965] 0.805714286 0.385714286 0.858571429 0.198571429
 [969] 0.110000000 0.028571429 0.104285714 0.682857143
 [973] 0.812857143 0.705714286 0.372857143 0.295714286
 [977] 0.935714286 0.444285714 0.631428571 0.235714286
 [981] 0.354285714 0.308571429 0.757142857 0.228571429
 [985] 0.455714286 0.187142857 0.074285714 0.497142857
 [989] 0.401428571 0.730000000 0.481428571 0.005714286
 [993] 0.068571429 0.352857143 0.745714286 0.818571429
 [997] 0.427142857 0.390000000 0.068571429 0.658571429

> print("PowerL")
[1] "PowerL"
> print(PowerL)
[1] 0.034
> print("PowerF")
[1] "PowerF"
> print(PowerF)
[1] 0.037