> pLValues
   [1] 0.521428571 0.175714286 0.067142857 0.915714286
   [5] 0.764285714 0.940000000 0.014285714 0.234285714
   [9] 0.221428571 0.188571429 0.530000000 0.672857143
  [13] 0.682857143 0.584285714 0.844285714 0.424285714
  [17] 0.502857143 0.760000000 0.768571429 0.578571429
  [21] 0.792857143 0.612857143 0.228571429 0.792857143
  [25] 0.038571429 0.888571429 0.597142857 0.202857143
  [29] 0.102857143 0.364285714 0.395714286 0.367142857
  [33] 0.405714286 0.342857143 0.620000000 0.050000000
  [37] 0.985714286 0.650000000 0.785714286 0.782857143
  [41] 0.524285714 0.524285714 0.265714286 0.097142857
  [45] 0.701428571 0.730000000 0.810000000 0.350000000
  [49] 0.001428571 0.755714286 0.190000000 0.270000000
  [53] 0.515714286 0.091428571 0.921428571 0.820000000
  [57] 0.407142857 0.057142857 0.200000000 0.864285714
  [61] 0.880000000 0.337142857 0.847142857 0.998571429
  [65] 0.870000000 0.710000000 0.532857143 0.270000000
  [69] 0.677142857 0.407142857 0.307142857 0.757142857
  [73] 0.154285714 0.741428571 0.137142857 0.670000000
  [77] 0.202857143 0.387142857 0.220000000 0.865714286
  [81] 0.680000000 0.195714286 0.974285714 0.984285714
  [85] 0.671428571 0.824285714 0.324285714 0.465714286
  [89] 0.925714286 0.424285714 0.031428571 0.702857143
  [93] 0.585714286 0.108571429 0.004285714 0.340000000
  [97] 0.181428571 0.745714286 0.915714286 0.957142857
 [101] 0.367142857 0.791428571 0.865714286 0.865714286
 [105] 0.902857143 0.120000000 0.075714286 0.730000000
 [109] 0.038571429 0.814285714 0.944285714 0.205714286
 [113] 0.810000000 0.112857143 0.265714286 0.700000000
 [117] 0.497142857 0.584285714 0.684285714 0.021428571
 [121] 0.505714286 0.660000000 0.558571429 0.098571429
 [125] 0.562857143 0.144285714 0.958571429 0.892857143
 [129] 0.167142857 0.058571429 0.110000000 0.995714286
 [133] 0.567142857 0.964285714 0.715714286 0.098571429
 [137] 0.335714286 0.725714286 0.468571429 0.007142857
 [141] 0.025714286 0.444285714 0.975714286 0.944285714
 [145] 0.158571429 0.722857143 0.072857143 0.878571429
 [149] 0.091428571 0.834285714 0.131428571 0.581428571
 [153] 0.455714286 0.028571429 0.972857143 0.764285714
 [157] 0.685714286 0.575714286 0.811428571 0.567142857
 [161] 0.412857143 0.934285714 0.271428571 0.518571429
 [165] 0.520000000 0.247142857 0.752857143 0.767142857
 [169] 0.530000000 0.631428571 0.878571429 0.291428571
 [173] 0.577142857 0.392857143 0.468571429 0.558571429
 [177] 0.227142857 0.802857143 0.337142857 0.550000000
 [181] 0.710000000 0.071428571 0.837142857 0.007142857
 [185] 0.348571429 0.854285714 0.411428571 0.127142857
 [189] 0.194285714 0.155714286 0.444285714 0.787142857
 [193] 0.981428571 0.805714286 0.628571429 0.941428571
 [197] 0.454285714 0.031428571 0.994285714 0.678571429
 [201] 0.330000000 0.455714286 0.528571429 0.484285714
 [205] 0.074285714 0.402857143 0.405714286 0.838571429
 [209] 0.184285714 0.687142857 0.918571429 0.262857143
 [213] 0.040000000 0.928571429 0.874285714 0.690000000
 [217] 0.842857143 0.957142857 0.707142857 0.118571429
 [221] 0.540000000 0.815714286 0.190000000 0.395714286
 [225] 0.657142857 0.267142857 0.624285714 0.795714286
 [229] 0.880000000 0.958571429 0.042857143 0.398571429
 [233] 0.792857143 0.211428571 0.762857143 0.508571429
 [237] 0.194285714 0.777142857 0.370000000 0.918571429
 [241] 0.112857143 0.422857143 0.981428571 0.548571429
 [245] 0.151428571 0.035714286 0.791428571 0.042857143
 [249] 0.322857143 0.660000000 0.370000000 0.494285714
 [253] 0.417142857 0.364285714 0.462857143 0.488571429
 [257] 0.575714286 0.747142857 0.205714286 0.387142857
 [261] 0.737142857 0.464285714 0.982857143 0.918571429
 [265] 0.714285714 0.901428571 0.770000000 0.142857143
 [269] 0.790000000 0.118571429 0.934285714 0.090000000
 [273] 0.652857143 0.625714286 0.687142857 0.578571429
 [277] 0.695714286 0.081428571 0.122857143 0.497142857
 [281] 0.541428571 0.982857143 0.164285714 0.365714286
 [285] 0.507142857 0.105714286 0.701428571 0.175714286
 [289] 0.380000000 0.975714286 0.277142857 0.107142857
 [293] 0.465714286 0.574285714 0.870000000 0.128571429
 [297] 0.665714286 0.182857143 0.000000000 0.880000000
 [301] 0.558571429 0.195714286 0.058571429 0.040000000
 [305] 0.812857143 0.120000000 0.292857143 0.730000000
 [309] 0.795714286 0.137142857 0.818571429 0.082857143
 [313] 0.835714286 0.810000000 0.478571429 0.735714286
 [317] 0.147142857 0.242857143 0.131428571 0.774285714
 [321] 0.115714286 0.458571429 0.452857143 0.654285714
 [325] 0.942857143 0.502857143 0.062857143 0.312857143
 [329] 0.045714286 0.995714286 0.587142857 0.644285714
 [333] 0.388571429 0.655714286 0.855714286 0.210000000
 [337] 0.597142857 0.720000000 0.767142857 0.197142857
 [341] 0.104285714 0.432857143 0.704285714 0.951428571
 [345] 0.088571429 0.758571429 0.761428571 0.902857143
 [349] 0.211428571 0.672857143 0.798571429 0.927142857
 [353] 0.391428571 0.171428571 0.344285714 0.841428571
 [357] 0.050000000 0.021428571 0.507142857 0.922857143
 [361] 0.275714286 0.717142857 0.108571429 0.918571429
 [365] 0.400000000 0.597142857 0.495714286 0.824285714
 [369] 0.197142857 0.784285714 0.315714286 0.267142857
 [373] 0.290000000 0.891428571 0.718571429 0.161428571
 [377] 0.398571429 0.260000000 0.732857143 0.861428571
 [381] 0.690000000 0.562857143 0.947142857 0.918571429
 [385] 0.584285714 0.955714286 0.194285714 0.980000000
 [389] 0.020000000 0.407142857 0.158571429 0.258571429
 [393] 0.412857143 0.418571429 0.661428571 0.002857143
 [397] 0.697142857 0.102857143 0.692857143 0.622857143
 [401] 0.277142857 0.670000000 0.707142857 0.971428571
 [405] 0.428571429 0.148571429 0.427142857 0.477142857
 [409] 0.001428571 0.824285714 0.124285714 0.674285714
 [413] 0.447142857 0.441428571 0.132857143 0.925714286
 [417] 0.114285714 0.114285714 0.480000000 0.837142857
 [421] 0.987142857 0.465714286 0.631428571 0.662857143
 [425] 0.608571429 0.838571429 0.132857143 0.575714286
 [429] 0.947142857 0.301428571 0.552857143 0.864285714
 [433] 0.352857143 0.348571429 0.342857143 0.491428571
 [437] 0.994285714 0.662857143 0.115714286 0.944285714
 [441] 0.197142857 0.047142857 0.678571429 0.530000000
 [445] 0.287142857 0.058571429 0.298571429 0.630000000
 [449] 0.342857143 0.998571429 0.628571429 0.141428571
 [453] 0.988571429 0.834285714 0.947142857 0.258571429
 [457] 0.711428571 0.140000000 0.231428571 0.251428571
 [461] 0.771428571 0.502857143 0.794285714 0.707142857
 [465] 0.007142857 0.040000000 0.747142857 0.560000000
 [469] 0.475714286 0.060000000 0.674285714 0.054285714
 [473] 0.484285714 0.108571429 0.672857143 0.780000000
 [477] 0.781428571 0.074285714 0.807142857 0.312857143
 [481] 0.897142857 0.962857143 0.400000000 0.970000000
 [485] 0.612857143 0.541428571 0.261428571 0.595714286
 [489] 0.572857143 0.500000000 0.980000000 0.587142857
 [493] 0.075714286 0.275714286 0.724285714 1.000000000
 [497] 0.235714286 0.955714286 0.434285714 0.627142857
 [501] 0.048571429 0.521428571 0.795714286 0.240000000
 [505] 0.888571429 0.697142857 0.801428571 0.420000000
 [509] 0.991428571 0.238571429 0.288571429 0.730000000
 [513] 0.312857143 0.302857143 0.324285714 0.571428571
 [517] 0.628571429 0.201428571 0.127142857 0.464285714
 [521] 0.945714286 0.555714286 0.465714286 0.912857143
 [525] 0.760000000 0.820000000 0.961428571 0.562857143
 [529] 0.722857143 0.460000000 0.960000000 0.537142857
 [533] 0.698571429 0.881428571 0.590000000 0.632857143
 [537] 0.788571429 0.291428571 0.991428571 0.827142857
 [541] 0.307142857 0.398571429 0.570000000 0.551428571
 [545] 0.788571429 0.688571429 0.971428571 0.344285714
 [549] 0.478571429 0.617142857 0.970000000 0.597142857
 [553] 0.264285714 0.782857143 0.480000000 0.911428571
 [557] 0.878571429 0.002857143 0.374285714 0.834285714
 [561] 0.577142857 0.591428571 0.567142857 0.288571429
 [565] 0.540000000 0.497142857 0.667142857 0.522857143
 [569] 0.072857143 0.854285714 0.104285714 0.735714286
 [573] 0.954285714 0.030000000 0.897142857 0.627142857
 [577] 0.592857143 0.085714286 0.380000000 0.232857143
 [581] 0.918571429 0.967142857 0.942857143 0.985714286
 [585] 0.604285714 0.110000000 0.078571429 0.424285714
 [589] 0.035714286 0.065714286 0.917142857 0.250000000
 [593] 0.351428571 0.528571429 0.481428571 0.392857143
 [597] 0.842857143 0.457142857 0.167142857 0.811428571
 [601] 0.324285714 0.368571429 0.774285714 0.724285714
 [605] 0.438571429 0.507142857 0.721428571 0.981428571
 [609] 0.645714286 0.197142857 0.022857143 0.578571429
 [613] 0.668571429 0.165714286 0.728571429 0.385714286
 [617] 0.465714286 0.815714286 0.740000000 0.055714286
 [621] 0.915714286 0.387142857 0.187142857 0.085714286
 [625] 0.595714286 0.792857143 0.724285714 0.975714286
 [629] 0.770000000 0.384285714 0.920000000 0.971428571
 [633] 0.687142857 0.701428571 0.964285714 0.555714286
 [637] 0.602857143 0.221428571 0.764285714 0.698571429
 [641] 0.190000000 0.885714286 0.664285714 0.482857143
 [645] 0.105714286 0.281428571 0.552857143 0.915714286
 [649] 0.527142857 0.378571429 0.620000000 0.174285714
 [653] 0.368571429 0.358571429 0.680000000 0.154285714
 [657] 0.888571429 0.168571429 0.338571429 0.725714286
 [661] 0.278571429 0.164285714 0.127142857 0.220000000
 [665] 0.204285714 0.727142857 0.298571429 0.727142857
 [669] 0.532857143 0.740000000 0.670000000 0.408571429
 [673] 0.170000000 0.404285714 0.527142857 0.687142857
 [677] 0.035714286 0.935714286 0.237142857 0.431428571
 [681] 0.792857143 0.750000000 0.342857143 0.810000000
 [685] 0.578571429 0.562857143 0.361428571 0.970000000
 [689] 0.425714286 0.530000000 0.121428571 0.997142857
 [693] 0.455714286 0.355714286 0.025714286 0.698571429
 [697] 0.480000000 0.062857143 0.554285714 0.718571429
 [701] 0.215714286 0.532857143 0.620000000 0.462857143
 [705] 0.902857143 0.198571429 0.788571429 0.552857143
 [709] 0.278571429 0.402857143 0.985714286 0.207142857
 [713] 0.335714286 0.990000000 0.304285714 0.037142857
 [717] 0.081428571 0.195714286 0.898571429 0.681428571
 [721] 0.127142857 0.707142857 0.130000000 0.837142857
 [725] 0.610000000 0.552857143 0.767142857 0.591428571
 [729] 0.012857143 0.710000000 0.472857143 0.430000000
 [733] 0.797142857 0.408571429 0.205714286 0.282857143
 [737] 0.440000000 0.911428571 0.882857143 0.674285714
 [741] 0.128571429 0.388571429 0.200000000 0.817142857
 [745] 0.134285714 0.498571429 0.095714286 0.120000000
 [749] 0.905714286 0.484285714 0.498571429 0.274285714
 [753] 0.755714286 0.191428571 0.672857143 0.475714286
 [757] 0.472857143 0.094285714 0.524285714 0.651428571
 [761] 0.304285714 0.222857143 0.975714286 0.040000000
 [765] 0.508571429 0.701428571 0.145714286 0.370000000
 [769] 0.265714286 0.811428571 0.348571429 0.104285714
 [773] 0.065714286 0.037142857 0.868571429 0.957142857
 [777] 0.342857143 0.258571429 0.901428571 0.692857143
 [781] 0.974285714 0.714285714 0.987142857 0.611428571
 [785] 0.244285714 0.351428571 0.971428571 0.161428571
 [789] 0.120000000 0.207142857 0.591428571 0.177142857
 [793] 0.905714286 0.767142857 0.961428571 0.808571429
 [797] 0.260000000 0.292857143 0.542857143 0.145714286
 [801] 0.222857143 0.880000000 0.447142857 0.937142857
 [805] 0.445714286 0.932857143 0.260000000 0.162857143
 [809] 0.095714286 0.845714286 0.361428571 0.445714286
 [813] 0.254285714 0.401428571 0.607142857 0.408571429
 [817] 0.995714286 0.795714286 0.045714286 0.811428571
 [821] 0.694285714 0.548571429 0.425714286 0.580000000
 [825] 0.255714286 0.795714286 0.820000000 0.145714286
 [829] 0.005714286 0.298571429 0.465714286 0.315714286
 [833] 0.434285714 0.420000000 0.284285714 0.445714286
 [837] 0.227142857 0.107142857 0.010000000 0.985714286
 [841] 0.831428571 0.408571429 0.537142857 0.867142857
 [845] 0.372857143 0.465714286 0.197142857 0.061428571
 [849] 0.758571429 0.540000000 0.381428571 0.337142857
 [853] 0.967142857 0.995714286 0.214285714 0.321428571
 [857] 0.074285714 0.367142857 0.140000000 0.931428571
 [861] 0.030000000 0.798571429 0.418571429 0.172857143
 [865] 0.967142857 0.680000000 0.972857143 0.075714286
 [869] 0.317142857 0.812857143 0.427142857 0.545714286
 [873] 0.790000000 0.650000000 0.635714286 0.675714286
 [877] 0.147142857 0.675714286 0.467142857 0.418571429
 [881] 0.075714286 0.358571429 0.654285714 0.477142857
 [885] 0.877142857 0.918571429 0.565714286 0.040000000
 [889] 0.028571429 0.612857143 0.524285714 0.580000000
 [893] 0.445714286 0.335714286 0.387142857 0.897142857
 [897] 0.475714286 0.024285714 0.141428571 0.272857143
 [901] 0.161428571 0.135714286 0.018571429 0.130000000
 [905] 0.084285714 0.451428571 0.441428571 0.858571429
 [909] 0.680000000 0.178571429 0.854285714 0.684285714
 [913] 0.547142857 0.572857143 0.845714286 0.022857143
 [917] 0.462857143 0.017142857 0.032857143 0.068571429
 [921] 0.724285714 0.762857143 0.821428571 0.681428571
 [925] 0.821428571 0.838571429 0.460000000 0.625714286
 [929] 0.145714286 0.407142857 0.094285714 0.372857143
 [933] 0.674285714 0.265714286 0.825714286 0.841428571
 [937] 0.214285714 0.975714286 0.011428571 0.968571429
 [941] 0.480000000 0.002857143 0.690000000 0.944285714
 [945] 0.377142857 0.141428571 0.008571429 0.750000000
 [949] 0.718571429 0.220000000 0.668571429 0.185714286
 [953] 0.077142857 0.500000000 0.027142857 0.412857143
 [957] 0.334285714 0.548571429 0.545714286 0.084285714
 [961] 0.127142857 0.472857143 0.122857143 0.560000000
 [965] 0.297142857 0.550000000 0.910000000 0.091428571
 [969] 0.080000000 0.652857143 0.921428571 0.107142857
 [973] 0.502857143 0.962857143 0.848571429 0.128571429
 [977] 0.887142857 0.898571429 0.760000000 0.167142857
 [981] 0.388571429 0.032857143 0.245714286 0.954285714
 [985] 0.384285714 0.451428571 0.702857143 0.157142857
 [989] 0.191428571 0.967142857 0.684285714 0.597142857
 [993] 0.335714286 0.902857143 0.317142857 0.728571429
 [997] 0.561428571 0.124285714 0.224285714 0.224285714

> pFValues
   [1] 0.518571429 0.182857143 0.058571429 0.915714286
   [5] 0.768571429 0.937142857 0.025714286 0.202857143
   [9] 0.212857143 0.140000000 0.547142857 0.685714286
  [13] 0.660000000 0.601428571 0.850000000 0.422857143
  [17] 0.514285714 0.765714286 0.781428571 0.597142857
  [21] 0.798571429 0.598571429 0.237142857 0.794285714
  [25] 0.062857143 0.891428571 0.634285714 0.258571429
  [29] 0.080000000 0.330000000 0.414285714 0.358571429
  [33] 0.384285714 0.325714286 0.592857143 0.035714286
  [37] 0.984285714 0.638571429 0.810000000 0.772857143
  [41] 0.534285714 0.525714286 0.288571429 0.108571429
  [45] 0.690000000 0.740000000 0.795714286 0.357142857
  [49] 0.000000000 0.764285714 0.182857143 0.250000000
  [53] 0.502857143 0.090000000 0.920000000 0.804285714
  [57] 0.468571429 0.072857143 0.261428571 0.870000000
  [61] 0.881428571 0.342857143 0.851428571 0.998571429
  [65] 0.857142857 0.694285714 0.504285714 0.252857143
  [69] 0.680000000 0.418571429 0.292857143 0.758571429
  [73] 0.151428571 0.744285714 0.122857143 0.687142857
  [77] 0.210000000 0.422857143 0.230000000 0.862857143
  [81] 0.695714286 0.182857143 0.977142857 0.984285714
  [85] 0.674285714 0.832857143 0.298571429 0.472857143
  [89] 0.924285714 0.408571429 0.024285714 0.715714286
  [93] 0.554285714 0.101428571 0.008571429 0.315714286
  [97] 0.204285714 0.734285714 0.921428571 0.955714286
 [101] 0.382857143 0.798571429 0.878571429 0.855714286
 [105] 0.905714286 0.094285714 0.091428571 0.711428571
 [109] 0.042857143 0.821428571 0.941428571 0.222857143
 [113] 0.794285714 0.127142857 0.258571429 0.704285714
 [117] 0.502857143 0.591428571 0.692857143 0.014285714
 [121] 0.500000000 0.634285714 0.542857143 0.088571429
 [125] 0.587142857 0.138571429 0.961428571 0.900000000
 [129] 0.168571429 0.030000000 0.124285714 0.997142857
 [133] 0.605714286 0.967142857 0.702857143 0.124285714
 [137] 0.304285714 0.740000000 0.495714286 0.004285714
 [141] 0.020000000 0.452857143 0.975714286 0.950000000
 [145] 0.172857143 0.738571429 0.081428571 0.872857143
 [149] 0.097142857 0.822857143 0.147142857 0.577142857
 [153] 0.441428571 0.075714286 0.970000000 0.772857143
 [157] 0.661428571 0.588571429 0.798571429 0.560000000
 [161] 0.424285714 0.934285714 0.237142857 0.535714286
 [165] 0.504285714 0.248571429 0.760000000 0.758571429
 [169] 0.511428571 0.594285714 0.880000000 0.301428571
 [173] 0.557142857 0.370000000 0.438571429 0.564285714
 [177] 0.215714286 0.790000000 0.318571429 0.588571429
 [181] 0.722857143 0.048571429 0.830000000 0.040000000
 [185] 0.368571429 0.850000000 0.411428571 0.135714286
 [189] 0.171428571 0.212857143 0.411428571 0.777142857
 [193] 0.984285714 0.807142857 0.634285714 0.944285714
 [197] 0.462857143 0.027142857 0.992857143 0.678571429
 [201] 0.405714286 0.437142857 0.524285714 0.505714286
 [205] 0.071428571 0.421428571 0.451428571 0.861428571
 [209] 0.218571429 0.670000000 0.921428571 0.265714286
 [213] 0.050000000 0.930000000 0.875714286 0.712857143
 [217] 0.837142857 0.955714286 0.697142857 0.150000000
 [221] 0.578571429 0.815714286 0.190000000 0.414285714
 [225] 0.678571429 0.274285714 0.602857143 0.797142857
 [229] 0.877142857 0.958571429 0.025714286 0.404285714
 [233] 0.777142857 0.218571429 0.751428571 0.472857143
 [237] 0.172857143 0.762857143 0.367142857 0.918571429
 [241] 0.148571429 0.391428571 0.980000000 0.522857143
 [245] 0.135714286 0.094285714 0.810000000 0.060000000
 [249] 0.308571429 0.648571429 0.341428571 0.444285714
 [253] 0.381428571 0.347142857 0.435714286 0.507142857
 [257] 0.572857143 0.737142857 0.172857143 0.405714286
 [261] 0.718571429 0.458571429 0.982857143 0.921428571
 [265] 0.718571429 0.900000000 0.787142857 0.158571429
 [269] 0.780000000 0.155714286 0.932857143 0.097142857
 [273] 0.694285714 0.630000000 0.688571429 0.601428571
 [277] 0.708571429 0.062857143 0.141428571 0.530000000
 [281] 0.520000000 0.984285714 0.120000000 0.331428571
 [285] 0.488571429 0.115714286 0.710000000 0.158571429
 [289] 0.380000000 0.975714286 0.312857143 0.097142857
 [293] 0.471428571 0.570000000 0.862857143 0.100000000
 [297] 0.655714286 0.140000000 0.000000000 0.881428571
 [301] 0.571428571 0.168571429 0.047142857 0.048571429
 [305] 0.820000000 0.111428571 0.258571429 0.714285714
 [309] 0.791428571 0.148571429 0.811428571 0.082857143
 [313] 0.825714286 0.801428571 0.451428571 0.740000000
 [317] 0.158571429 0.242857143 0.181428571 0.762857143
 [321] 0.098571429 0.427142857 0.434285714 0.668571429
 [325] 0.941428571 0.468571429 0.092857143 0.374285714
 [329] 0.047142857 0.995714286 0.600000000 0.622857143
 [333] 0.404285714 0.632857143 0.842857143 0.248571429
 [337] 0.608571429 0.734285714 0.757142857 0.170000000
 [341] 0.092857143 0.407142857 0.711428571 0.947142857
 [345] 0.082857143 0.788571429 0.755714286 0.898571429
 [349] 0.217142857 0.670000000 0.788571429 0.931428571
 [353] 0.395714286 0.151428571 0.307142857 0.850000000
 [357] 0.037142857 0.020000000 0.494285714 0.918571429
 [361] 0.311428571 0.734285714 0.100000000 0.924285714
 [365] 0.448571429 0.628571429 0.465714286 0.825714286
 [369] 0.207142857 0.790000000 0.350000000 0.310000000
 [373] 0.267142857 0.892857143 0.710000000 0.131428571
 [377] 0.417142857 0.215714286 0.730000000 0.845714286
 [381] 0.668571429 0.542857143 0.942857143 0.915714286
 [385] 0.571428571 0.958571429 0.197142857 0.981428571
 [389] 0.068571429 0.378571429 0.144285714 0.242857143
 [393] 0.360000000 0.447142857 0.651428571 0.005714286
 [397] 0.680000000 0.097142857 0.692857143 0.592857143
 [401] 0.291428571 0.684285714 0.708571429 0.970000000
 [405] 0.417142857 0.122857143 0.455714286 0.445714286
 [409] 0.004285714 0.821428571 0.132857143 0.660000000
 [413] 0.417142857 0.418571429 0.115714286 0.920000000
 [417] 0.092857143 0.155714286 0.481428571 0.827142857
 [421] 0.990000000 0.465714286 0.654285714 0.655714286
 [425] 0.614285714 0.854285714 0.175714286 0.621428571
 [429] 0.950000000 0.274285714 0.562857143 0.861428571
 [433] 0.345714286 0.327142857 0.321428571 0.551428571
 [437] 0.994285714 0.640000000 0.101428571 0.944285714
 [441] 0.155714286 0.058571429 0.681428571 0.501428571
 [445] 0.322857143 0.052857143 0.288571429 0.640000000
 [449] 0.380000000 0.998571429 0.624285714 0.121428571
 [453] 0.988571429 0.838571429 0.947142857 0.270000000
 [457] 0.691428571 0.108571429 0.310000000 0.275714286
 [461] 0.764285714 0.521428571 0.795714286 0.688571429
 [465] 0.004285714 0.027142857 0.741428571 0.564285714
 [469] 0.474285714 0.044285714 0.682857143 0.062857143
 [473] 0.511428571 0.124285714 0.651428571 0.787142857
 [477] 0.762857143 0.054285714 0.801428571 0.282857143
 [481] 0.895714286 0.965714286 0.460000000 0.968571429
 [485] 0.655714286 0.555714286 0.274285714 0.588571429
 [489] 0.575714286 0.502857143 0.980000000 0.581428571
 [493] 0.077142857 0.254285714 0.744285714 1.000000000
 [497] 0.251428571 0.957142857 0.411428571 0.600000000
 [501] 0.082857143 0.445714286 0.805714286 0.207142857
 [505] 0.890000000 0.688571429 0.817142857 0.490000000
 [509] 0.991428571 0.285714286 0.268571429 0.744285714
 [513] 0.322857143 0.318571429 0.304285714 0.540000000
 [517] 0.675714286 0.172857143 0.168571429 0.521428571
 [521] 0.941428571 0.530000000 0.451428571 0.911428571
 [525] 0.775714286 0.821428571 0.962857143 0.544285714
 [529] 0.734285714 0.497142857 0.958571429 0.551428571
 [533] 0.698571429 0.885714286 0.604285714 0.610000000
 [537] 0.798571429 0.307142857 0.992857143 0.822857143
 [541] 0.280000000 0.408571429 0.544285714 0.561428571
 [545] 0.774285714 0.685714286 0.968571429 0.312857143
 [549] 0.494285714 0.604285714 0.965714286 0.614285714
 [553] 0.262857143 0.794285714 0.504285714 0.925714286
 [557] 0.881428571 0.001428571 0.381428571 0.842857143
 [561] 0.588571429 0.595714286 0.598571429 0.265714286
 [565] 0.524285714 0.502857143 0.671428571 0.558571429
 [569] 0.068571429 0.851428571 0.108571429 0.751428571
 [573] 0.955714286 0.015714286 0.888571429 0.635714286
 [577] 0.601428571 0.107142857 0.337142857 0.247142857
 [581] 0.927142857 0.965714286 0.940000000 0.985714286
 [585] 0.591428571 0.110000000 0.078571429 0.405714286
 [589] 0.038571429 0.047142857 0.912857143 0.180000000
 [593] 0.364285714 0.530000000 0.518571429 0.395714286
 [597] 0.840000000 0.474285714 0.180000000 0.808571429
 [601] 0.367142857 0.382857143 0.765714286 0.712857143
 [605] 0.410000000 0.478571429 0.701428571 0.981428571
 [609] 0.604285714 0.224285714 0.007142857 0.591428571
 [613] 0.651428571 0.158571429 0.741428571 0.395714286
 [617] 0.437142857 0.820000000 0.740000000 0.068571429
 [621] 0.905714286 0.381428571 0.184285714 0.090000000
 [625] 0.615714286 0.782857143 0.720000000 0.975714286
 [629] 0.758571429 0.387142857 0.925714286 0.971428571
 [633] 0.674285714 0.698571429 0.965714286 0.550000000
 [637] 0.632857143 0.195714286 0.755714286 0.711428571
 [641] 0.145714286 0.871428571 0.660000000 0.501428571
 [645] 0.092857143 0.247142857 0.561428571 0.914285714
 [649] 0.497142857 0.371428571 0.625714286 0.218571429
 [653] 0.390000000 0.371428571 0.664285714 0.154285714
 [657] 0.882857143 0.211428571 0.375714286 0.710000000
 [661] 0.275714286 0.154285714 0.112857143 0.247142857
 [665] 0.214285714 0.717142857 0.301428571 0.715714286
 [669] 0.515714286 0.740000000 0.641428571 0.418571429
 [673] 0.130000000 0.424285714 0.541428571 0.688571429
 [677] 0.038571429 0.938571429 0.212857143 0.407142857
 [681] 0.790000000 0.768571429 0.342857143 0.801428571
 [685] 0.565714286 0.594285714 0.362857143 0.968571429
 [689] 0.398571429 0.484285714 0.101428571 0.995714286
 [693] 0.468571429 0.358571429 0.014285714 0.708571429
 [697] 0.462857143 0.065714286 0.555714286 0.684285714
 [701] 0.202857143 0.560000000 0.618571429 0.470000000
 [705] 0.894285714 0.218571429 0.805714286 0.547142857
 [709] 0.251428571 0.385714286 0.984285714 0.217142857
 [713] 0.320000000 0.990000000 0.304285714 0.045714286
 [717] 0.111428571 0.197142857 0.902857143 0.694285714
 [721] 0.150000000 0.708571429 0.165714286 0.827142857
 [725] 0.597142857 0.562857143 0.768571429 0.605714286
 [729] 0.002857143 0.727142857 0.481428571 0.437142857
 [733] 0.807142857 0.407142857 0.167142857 0.270000000
 [737] 0.432857143 0.908571429 0.888571429 0.670000000
 [741] 0.155714286 0.364285714 0.174285714 0.825714286
 [745] 0.132857143 0.521428571 0.125714286 0.098571429
 [749] 0.895714286 0.512857143 0.467142857 0.292857143
 [753] 0.737142857 0.197142857 0.674285714 0.462857143
 [757] 0.444285714 0.078571429 0.492857143 0.642857143
 [761] 0.330000000 0.241428571 0.975714286 0.022857143
 [765] 0.508571429 0.710000000 0.177142857 0.407142857
 [769] 0.307142857 0.801428571 0.372857143 0.114285714
 [773] 0.031428571 0.025714286 0.872857143 0.957142857
 [777] 0.394285714 0.254285714 0.895714286 0.672857143
 [781] 0.977142857 0.720000000 0.987142857 0.587142857
 [785] 0.302857143 0.342857143 0.971428571 0.198571429
 [789] 0.122857143 0.184285714 0.595714286 0.202857143
 [793] 0.910000000 0.784285714 0.958571429 0.801428571
 [797] 0.231428571 0.312857143 0.515714286 0.131428571
 [801] 0.195714286 0.868571429 0.464285714 0.938571429
 [805] 0.442857143 0.937142857 0.267142857 0.161428571
 [809] 0.101428571 0.850000000 0.355714286 0.477142857
 [813] 0.261428571 0.365714286 0.624285714 0.402857143
 [817] 0.995714286 0.801428571 0.021428571 0.787142857
 [821] 0.688571429 0.501428571 0.460000000 0.575714286
 [825] 0.267142857 0.775714286 0.824285714 0.160000000
 [829] 0.001428571 0.312857143 0.434285714 0.317142857
 [833] 0.438571429 0.445714286 0.320000000 0.415714286
 [837] 0.240000000 0.091428571 0.002857143 0.984285714
 [841] 0.831428571 0.381428571 0.505714286 0.870000000
 [845] 0.377142857 0.432857143 0.177142857 0.074285714
 [849] 0.758571429 0.542857143 0.404285714 0.301428571
 [853] 0.967142857 0.995714286 0.212857143 0.302857143
 [857] 0.080000000 0.340000000 0.117142857 0.930000000
 [861] 0.027142857 0.787142857 0.392857143 0.164285714
 [865] 0.970000000 0.700000000 0.972857143 0.050000000
 [869] 0.290000000 0.794285714 0.431428571 0.528571429
 [873] 0.785714286 0.645714286 0.640000000 0.671428571
 [877] 0.181428571 0.658571429 0.507142857 0.407142857
 [881] 0.054285714 0.371428571 0.644285714 0.468571429
 [885] 0.881428571 0.912857143 0.552857143 0.051428571
 [889] 0.051428571 0.590000000 0.538571429 0.575714286
 [893] 0.437142857 0.300000000 0.355714286 0.894285714
 [897] 0.488571429 0.034285714 0.155714286 0.272857143
 [901] 0.175714286 0.127142857 0.010000000 0.141428571
 [905] 0.078571429 0.458571429 0.414285714 0.851428571
 [909] 0.648571429 0.224285714 0.842857143 0.702857143
 [913] 0.534285714 0.597142857 0.848571429 0.002857143
 [917] 0.452857143 0.020000000 0.020000000 0.092857143
 [921] 0.700000000 0.781428571 0.835714286 0.645714286
 [925] 0.818571429 0.834285714 0.424285714 0.627142857
 [929] 0.128571429 0.420000000 0.080000000 0.340000000
 [933] 0.658571429 0.274285714 0.832857143 0.830000000
 [937] 0.190000000 0.975714286 0.004285714 0.968571429
 [941] 0.470000000 0.001428571 0.667142857 0.944285714
 [945] 0.358571429 0.142857143 0.004285714 0.742857143
 [949] 0.710000000 0.198571429 0.692857143 0.235714286
 [953] 0.065714286 0.515714286 0.024285714 0.382857143
 [957] 0.350000000 0.538571429 0.607142857 0.087142857
 [961] 0.110000000 0.468571429 0.134285714 0.558571429
 [965] 0.282857143 0.525714286 0.911428571 0.101428571
 [969] 0.084285714 0.631428571 0.925714286 0.150000000
 [973] 0.528571429 0.957142857 0.835714286 0.128571429
 [977] 0.882857143 0.901428571 0.788571429 0.252857143
 [981] 0.395714286 0.080000000 0.244285714 0.951428571
 [985] 0.360000000 0.480000000 0.701428571 0.160000000
 [989] 0.170000000 0.964285714 0.685714286 0.584285714
 [993] 0.328571429 0.907142857 0.348571429 0.731428571
 [997] 0.552857143 0.154285714 0.234285714 0.211428571

> print("PowerL")
[1] "PowerL"
> print(PowerL)
[1] 0.053
> print("PowerF")
[1] "PowerF"
> print(PowerF)
[1] 0.05